OTUID	All	CC	OC	PC
ASV0	29.638977	26.67112	26.98155	35.26426
ASV17	21.737563	38.81358	16.26472	10.13439
ASV7	7.989501	 4.202991	14.860109	 4.905404
ASV9	6.403455	 1.35717285	17.79374303	 0.05945049
ASV6	3.271485	0.9470002	4.5546891	4.3127653
ASV11	3.024324	1.481490	0.416269	7.175212
ASV4	2.542423	0.9679966	3.6877270	2.9715442
ASV29	1.295214	0.34028525	0.09872614	3.44663129
ASV877	1.072888	0.16087071	0.09446936	2.96332249
ASV18	1.014162	0.17892351	0.02189341	2.84166951
ASV2	1.261978	3.1222475	0.4424510	0.2212353
ASV67	1.070173	0.20841857	0.06026919	2.94183178
ASV33	1.525181	4.41823036	0.07875280	0.07855951
ASV126	1.028631	2.94372902	0.08046802	0.06169696
ASV44	0.889135	1.79451350	0.82223137	0.05065875
ASV99	0.64372	0.05972369	0.03754813	1.83388749
ASV192	0.756241	0.7476179	0.5226245	0.9984796
ASV822	0.635551	0.13070515	0.04991328	1.72603536
ASV12	0.535822	0.3926999	1.1024283	0.1123380
ASV823	0.525339	0.081938191	1.491154926	0.002923528
ASV8	0.52797	0.2172181	0.6362193	0.7304717
ASV824	0.434185	0.04272898	0.68158036	0.57824538
ASV20	0.491351	0.5085029	0.4834128	0.4821359
ASV34	0.470658	0.2841571	0.1426362	0.9851817
ASV10	0.423361	0.11097023	1.06852163	0.09058967
ASV878	0.53449	1.558010215	0.036517546	0.008943011
ASV32	0.387441	0.1401428	0.7798610	0.2423189
ASV5	0.301644	0.20693312	0.05961971	0.63838054
ASV1	0.283115	0.4391620	0.2005492	0.2096331
ASV38	0.27409	0.47861582	0.32486768	0.01878533
ASV27	0.260926	0.762421698	0.008025582	0.012330253
ASV16	0.279912	0.23343335	0.03236606	0.57393768
ASV255	0.300419	0.007252190	0.890668280	0.003336381
ASV827	0.251578	0.2174029	0.4256577	0.1116739
ASV65	0.267411	0.059503298	0.009307394	0.733422195
ASV520	0.268631	0.022773471	0.007670703	0.775449705
ASV59	0.25637	0.06928799	0.02561196	0.67421087
ASV879	0.251263	0.10398653	0.02806765	0.62173409
ASV825	0.20082	0.05648685	0.54597439	0.00000000
ASV15	0.176414	0.07417221	0.16159139	0.29347864
ASV21	0.154842	0.039243957	0.007344696	0.417937812
ASV826	0.161711	0.027999787	0.005193975	0.451939964
ASV3	0.145567	0.17956541	0.01344803	0.24368724
ASV111	0.139126	0.015542053	0.003927937	0.397907757
ASV880	0.158114	0.458359483	0.013428995	0.002552948
ASV19	0.114525	0.175592782	0.009905469	0.158078018
ASV881	0.102068	0.002191071	0.002035054	0.301977192
ASV882	0.114741	0.03034471	0.02149850	0.29238011
ASV28	0.109372	0.038109485	0.007344696	0.282661758
ASV30	0.085087	0.000000000	0.001927946	0.253332806
ASV828	0.118523	0.332383360	0.014659655	0.008525454
ASV37	0.075138	0.009734725	0.212283770	0.003396496
ASV883	0.085498	0.002333312	0.254161937	0.000000000
ASV123	0.070018	0.045167897	0.001481205	0.163405907
ASV50	0.074845	0.03843709	0.01684280	0.16925658
ASV829	0.076447	0.011142455	0.002795289	0.215403730
ASV53	0.073493	0.10070831	0.09846069	0.02130969
ASV63	0.077405	0.03184921	0.00548266	0.19488420
ASV42	0.065392	0.02393142	0.03037309	0.14187045
ASV80	0.061269	0.028188041	0.152939250	0.002679273
ASV95	0.081203	0.224422923	0.006227097	0.012957913
ASV884	0.058596	0.001218255	0.002068928	0.172502155
ASV885	0.068378	0.190636599	0.009789150	0.004708022
ASV25	0.055626	0.02982958	0.05425363	0.08279502
ASV886	0.154716	0.455453548	0.005120535	0.003574127
ASV830	0.048965	0.00000000	0.01345727	0.13343869
ASV887	0.135955	0.39495670	0.00000000	0.01290849
ASV888	0.044013	0.002149475	0.001673546	0.128216991
ASV889	0.04967	0.001268515	0.147742519	0.000000000
ASV125	0.039926	0.01203767	0.03608685	0.07165358
ASV24	0.044906	0.09874820	0.02558084	0.01038996
ASV890	0.114023	0.329504641	0.002415347	0.010147807
ASV64	0.036078	0.03665970	0.01607820	0.05549759
ASV51	0.030829	0.008863601	0.083624740	0.000000000
ASV52	0.034069	0.002011627	0.006957253	0.093237840
ASV35	0.03579	0.02594246	0.08142804	0.00000000
ASV891	0.037607	0.001841709	0.110979295	0.000000000
ASV47	0.03957	0.029637770	0.002851928	0.086221619
ASV60	0.033511	0.0029601662	0.0006883964	0.0968847666
ASV39	0.030987	0.004975203	0.017726665	0.070259211
ASV297	0.033065	0.0011305320	0.0009639731	0.0971013295
ASV122	0.029201	0.001499154	0.086103391	0.000000000
ASV1817	0.028679	0.002737936	0.000000000	0.083299552
ASV112	0.029655	0.000000000	0.082235069	0.006730763
ASV170	0.031079	0.005196315	0.002172375	0.085868068
ASV81	0.029925	0.004988704	0.000000000	0.084786591
ASV359	0.026131	0.0001704978	0.0000000000	0.0782222289
ASV253	0.030036	0.02796006	0.03243089	0.02971731
ASV835	0.026464	0.04153949	0.02106819	0.01678557
ASV23	0.025264	0.01328623	0.00000000	0.06250612
ASV43	0.026956	0.003596643	0.004287246	0.072983469
ASV892	0.069176	0.19714640	0.00000000	0.01038298
ASV71	0.024033	0.00000000	0.07209977	0.00000000
ASV512	0.025985	0.0018549790	0.0004137857	0.0756872080
ASV831	0.024128	0.002356789	0.002111351	0.067916954
ASV832	0.022505	0.0028433924	0.0008445404	0.0638259720
ASV838	0.019924	0.027196565	0.001034464	0.031542409
ASV893	0.021793	0.004210704	0.000000000	0.061168638
ASV120	0.025878	0.0741956751	0.0029508875	0.0004883404
ASV151	0.017558	0.00000000	0.00000000	0.05267486
ASV894	0.02484	0.04467599	0.00000000	0.02984408
ASV75	0.019423	0.006225199	0.001448250	0.050595852
ASV1818	0.015166	0.0000000	0.0000000	0.0454993
ASV561	0.016804	0.020445790	0.006084287	0.023883222
ASV895	0.030611	0.06777094	0.00000000	0.02406093
ASV1820	0.014459	0.00000000	0.00000000	0.04337713
ASV1821	0.014402	0.00000000	0.00000000	0.04320736
ASV13	0.015519	0.001525627	0.001671820	0.043360441
ASV837	0.015574	0.00000000	0.04672346	0.00000000
ASV896	0.016244	0.00000000	0.04873205	0.00000000
ASV1819	0.014375	0.0000000	0.0000000	0.0431238
ASV522	0.015929	0.0028569079	0.0003933694	0.0445353665
ASV833	0.016432	0.0013887675	0.0006206785	0.0472869925
ASV74	0.016224	0.0035798381	0.0007241249	0.0443681793
ASV897	0.014664	0.025448021	0.006210005	0.012332771
ASV834	0.015467	0.001677436	0.000000000	0.044724083
ASV898	0.015858	0.0006091275	0.0000000000	0.0469662784
ASV94	0.013645	0.039755707	0.001180108	0.000000000
ASV196	0.012319	0.009009988	0.027946690	0.000000000
ASV899	0.014294	0.0009871704	0.0418938375	0.0000000000
ASV900	0.014235	0.0001794855	0.0425254198	0.0000000000
ASV901	0.013246	0.0003459585	0.0000000000	0.0393910467
ASV155	0.017676	0.041787588	0.002611754	0.008628062
ASV902	0.013768	0.00000000	0.04130378	0.00000000
ASV836	0.013955	0.001454002	0.000000000	0.040412204
ASV148	0.010555	0.00000000	0.01334704	0.01831861
ASV481	0.01182	0.000461278	0.001963031	0.033036109
ASV903	0.012897	0.0007520435	0.0003103393	0.0376292097
ASV904	0.012101	0.00000000	0.00000000	0.03630367
ASV134	0.012258	0.0142195034	0.0006756323	0.0218776492
ASV164	0.010614	0.002296803	0.003776764	0.025767436
ASV905	0.011516	0.00000000	0.00000000	0.03454897
ASV1823	0.01028	0.00000000	0.00000000	0.03083929
ASV906	0.011789	0.00000000	0.03536644	0.00000000
ASV907	0.01104	0.00000000	0.00000000	0.03312088
ASV908	0.01104	0.00000000	0.00000000	0.03312088
ASV909	0.010083	0.0000000000	0.0006426487	0.0296058134
ASV910	0.011031	0.000230639	0.000000000	0.032863311
ASV41	0.01	0.000419089	0.016761874	0.012819823
ASV911	0.009877	0.0003459585	0.0003213244	0.0289632352
ASV912	0.010539	0.009655189	0.007281863	0.014680808
ASV56	0.013443	0.038554810	0.001772956	0.000000000
ASV1824	0.009324	0.00000000	0.00000000	0.02797052
ASV913	0.009469	0.0000000000	0.0005355406	0.0278709876
ASV914	0.010114	0.0003459585	0.0000000000	0.0299974492
ASV177	0.01012	0.000000000	0.006962028	0.023396512
ASV867	0.00776	0.00251246	0.00000000	0.02076843
ASV1825	0.008432	0.00000000	0.00000000	0.02529625
ASV1827	0.008906	0.00000000	0.00000000	0.02671661
ASV915	0.009756	0.005523669	0.001475135	0.022268322
ASV1828	0.008328	0.006649412	0.000000000	0.018335540
ASV916	0.009618	0.004818739	0.001475135	0.022561326
ASV332	0.008659	0.00000000	0.00000000	0.02597688
ASV917	0.009548	0.00000000	0.00000000	0.02864509
ASV1829	0.007913	0.00000000	0.02373953	0.00000000
ASV918	0.009565	0.00000000	0.00000000	0.02869514
ASV1831	0.006735	0.00000000	0.02020472	0.00000000
ASV417	0.00927	0.00000000	0.01585200	0.01195891
ASV919	0.008436	0.00000000	0.00000000	0.02530679
ASV1833	0.006615	0.00000000	0.01984521	0.00000000
ASV1834	0.008188	0.00000000	0.00000000	0.02456386
ASV920	0.009091	0.00000000	0.02727151	0.00000000
ASV69	0.00651	0.00000000	0.01953104	0.00000000
ASV842	0.007831	0.000000000	0.008993191	0.014500745
ASV921	0.009279	0.0010755135	0.0004137857	0.0263464249
ASV922	0.00863	0.0000000	0.0258887	0.0000000
ASV923	0.008955	0.000230639	0.000000000	0.026633301
ASV40	0.006714	0.0049041492	0.0150083434	0.0002290636
ASV92	0.012626	0.03787799	0.00000000	0.00000000
ASV924	0.00904	0.0013826313	0.0002068928	0.0255294814
ASV1835	0.007329	0.00000000	0.00000000	0.02198567
ASV391	0.008895	0.00000000	0.02668625	0.00000000
ASV1836	0.007531	0.00000000	0.00000000	0.02259158
ASV925	0.008195	0.00000000	0.02458559	0.00000000
ASV1837	0.006221	0.00000000	0.01866268	0.00000000
ASV1838	0.007411	0.00000000	0.00000000	0.02223298
ASV926	0.0073	0.018274997	0.002011425	0.001613791
ASV1839	0.005805	0.00000000	0.01741539	0.00000000
ASV239	0.007864	0.00161537	0.00000000	0.02197532
ASV927	0.016055	0.042368560	0.005796833	0.000000000
ASV14	0.006679	0.00000000	0.02003692	0.00000000
ASV928	0.008135	0.00000000	0.00000000	0.02440618
ASV929	0.008944	0.02683132	0.00000000	0.00000000
ASV930	0.007956	0.0006140609	0.0000000000	0.0232536731
ASV931	0.007145	0.019615324	0.001819861	0.000000000
ASV1840	0.00664	0.00000000	0.00000000	0.01992005
ASV932	0.007852	0.001579014	0.001655143	0.020321467
ASV1841	0.005543	0.00000000	0.01663027	0.00000000
ASV841	0.007015	0.0001676356	0.0000000000	0.0208778612
ASV933	0.00705	0.0000000000	0.0003213244	0.0208301357
ASV934	0.008408	0.01130131	0.01392406	0.00000000
ASV935	0.007694	0.0000000000	0.0002068928	0.0228744154
ASV843	0.012574	0.026105010	0.002318733	0.009298985
ASV936	0.007324	0.00000000	0.00000000	0.02197069
ASV937	0.006792	0.00000000	0.00000000	0.02037537
ASV1842	0.00631	0.00000000	0.00000000	0.01892975
ASV938	0.007557	0.00000000	0.00000000	0.02267018
ASV939	0.007406	0.0000000000	0.0003103393	0.0219069082
ASV940	0.00708	0.000525444	0.000000000	0.020714532
ASV1843	0.005794	0.0000000	0.0173823	0.0000000
ASV839	0.007457	0.002456942	0.019914558	0.000000000
ASV941	0.007286	0.000636724	0.000000000	0.021221051
ASV840	0.00706	0.0005114933	0.0000000000	0.0206685924
ASV1844	0.005942	0.00000000	0.00000000	0.01782622
ASV942	0.007046	0.00000000	0.00000000	0.02113841
ASV1845	0.005527	0.00000000	0.01658128	0.00000000
ASV943	0.007145	0.00113564	0.00000000	0.02029836
ASV844	0.00614	0.009333247	0.000000000	0.009085446
ASV944	0.006797	0.00000000	0.00000000	0.02038973
ASV945	0.006674	0.00000000	0.00000000	0.02002196
ASV856	0.005601	0.009692768	0.000000000	0.007109260
ASV1846	0.004758	0.00000000	0.01427491	0.00000000
ASV946	0.006402	0.000000000	0.011214111	0.007991405
ASV1847	0.005907	0.00000000	0.00000000	0.01772112
ASV1848	0.005574	0.00000000	0.00000000	0.01672269
ASV947	0.006373	0.001050888	0.000000000	0.018068594
ASV948	0.00632	0.00000000	0.00000000	0.01896096
ASV1849	0.004938	0.00000000	0.00000000	0.01481278
ASV949	0.006283	0.00000000	0.00000000	0.01884994
ASV950	0.006146	0.0002692283	0.0003933694	0.0177755900
ASV487	0.006705	0.00000000	0.02011368	0.00000000
ASV951	0.006374	0.000230639	0.000000000	0.018891816
ASV1851	0.004449	0.00000000	0.01334704	0.00000000
ASV1852	0.004458	0.00000000	0.01337394	0.00000000
ASV1853	0.005554	0.00000000	0.00000000	0.01666308
ASV1854	0.005528	0.00000000	0.00000000	0.01658509
ASV952	0.00697	0.02091094	0.00000000	0.00000000
ASV953	0.006229	0.00000000	0.00000000	0.01868758
ASV1855	0.005487	0.00000000	0.00000000	0.01646175
ASV954	0.005918	0.0002692283	0.0000000000	0.0174861738
ASV1856	0.005122	0.0000000	0.0000000	0.0153645
ASV955	0.006651	0.009456199	0.010496596	0.000000000
ASV1857	0.005379	0.00000000	0.00000000	0.01613684
ASV1826	0.004974	0.00000000	0.01492205	0.00000000
ASV1858	0.005289	0.00000000	0.00000000	0.01586789
ASV956	0.00573	0.00000000	0.00000000	0.01718958
ASV1859	0.004923	0.0000000	0.0000000	0.0147703
ASV957	0.005567	0.00000000	0.00000000	0.01670124
ASV958	0.005535	0.00000000	0.00000000	0.01660357
ASV959	0.005147	0.00000000	0.00000000	0.01543988
ASV1860	0.004051	0.00000000	0.01215159	0.00000000
ASV960	0.005404	0.002105352	0.000000000	0.014106711
ASV1861	0.004931	0.0000000	0.0000000	0.0147921
ASV1862	0.003955	0.00000000	0.01186398	0.00000000
ASV857	0.004907	0.005189378	0.009532232	0.000000000
ASV961	0.005328	0.0000000	0.0159825	0.0000000
ASV1864	0.004841	0.00000000	0.00000000	0.01452316
ASV1863	0.004299	0.00000000	0.01289655	0.00000000
ASV962	0.004875	0.00000000	0.00000000	0.01462579
ASV1865	0.004272	0.00000000	0.01281645	0.00000000
ASV963	0.005421	0.001268515	0.006206785	0.008787191
ASV1866	0.004462	0.00000000	0.01338506	0.00000000
ASV964	0.0054	0.0005765975	0.0000000000	0.0156240426
ASV1867	0.004738	0.00000000	0.00000000	0.01421288
ASV965	0.004857	0.0000000000	0.0002142162	0.0143563807
ASV966	0.004968	0.00000000	0.00000000	0.01490384
ASV1868	0.004442	0.00000000	0.00000000	0.01332722
ASV967	0.005972	0.0169519671	0.0009639731	0.0000000000
ASV1870	0.004414	0.00000000	0.00000000	0.01324233
ASV173	0.004697	0.00000000	0.00000000	0.01409189
ASV968	0.004717	0.0000000000	0.0005355406	0.0136147141
ASV969	0.004981	0.00000000	0.00000000	0.01494322
ASV970	0.005073	0.0000000	0.0000000	0.0152177
ASV1871	0.003593	0.00000000	0.01077755	0.00000000
ASV971	0.004386	0.01315845	0.00000000	0.00000000
ASV850	0.004373	0.012824491	0.000295027	0.000000000
ASV972	0.004335	0.01300583	0.00000000	0.00000000
ASV973	0.004537	0.000230639	0.000000000	0.013381781
ASV88	0.004953	0.00000000	0.01485757	0.00000000
ASV974	0.004434	0.00000000	0.00000000	0.01330259
ASV1873	0.003845	0.0000000	0.0115348	0.0000000
ASV1874	0.003451	0.00000000	0.01035402	0.00000000
ASV975	0.004853	0.000526338	0.011364277	0.002669535
ASV274	0.004624	0.0000000000	0.0003933694	0.0134781946
ASV277	0.00379	0.000234755	0.011134288	0.000000000
ASV849	0.003994	0.00000000	0.00000000	0.01198278
ASV1875	0.003792	0.0000000	0.0113746	0.0000000
ASV976	0.004462	0.00000000	0.00000000	0.01338497
ASV977	0.004263	0.00000000	0.00000000	0.01279043
ASV46	0.003748	0.00000000	0.01124486	0.00000000
ASV1876	0.003757	0.000000	0.000000	0.011272
ASV1877	0.003757	0.000000	0.000000	0.011272
ASV978	0.004507	0.0001794855	0.0000000000	0.0133416690
ASV1879	0.003876	0.00000000	0.00000000	0.01162949
ASV1880	0.00326	0.000000000	0.009778798	0.000000000
ASV979	0.004157	0.00000000	0.00000000	0.01247118
ASV1850	0.003234	0.000000000	0.009702668	0.000000000
ASV980	0.004097	0.0000000000	0.0003213244	0.0119681920
ASV981	0.004507	0.0006142355	0.0000000000	0.0129055357
ASV982	0.004283	0.00000000	0.01284965	0.00000000
ASV1878	0.003732	0.0000000	0.0111963	0.0000000
ASV983	0.004327	0.00000000	0.01298119	0.00000000
ASV1881	0.003707	0.00000000	0.00000000	0.01112017
ASV862	0.003946	0.00000000	0.00000000	0.01183882
ASV1883	0.003116	0.00000000	0.00934738	0.00000000
ASV1884	0.003116	0.00000000	0.00934738	0.00000000
ASV1885	0.00365	0.00000000	0.00000000	0.01095039
ASV984	0.004244	0.00000000	0.00000000	0.01273115
ASV985	0.003942	0.00000000	0.00000000	0.01182452
ASV1886	0.003592	0.00000000	0.01077539	0.00000000
ASV1887	0.003391	0.00000000	0.01017305	0.00000000
ASV233	0.003778	0.00000000	0.00000000	0.01133432
ASV986	0.003684	0.0110531	0.0000000	0.0000000
ASV987	0.004177	0.00000000	0.00000000	0.01253223
ASV988	0.003837	0.00000000	0.00000000	0.01151139
ASV1888	0.003565	0.00000000	0.00000000	0.01069573
ASV989	0.00431	0.0000000	0.0129308	0.0000000
ASV854	0.003404	0.00000000	0.01021337	0.00000000
ASV990	0.003993	0.00000000	0.01198012	0.00000000
ASV991	0.010709	0.0321263	0.0000000	0.0000000
ASV992	0.003776	0.00000000	0.00000000	0.01132867
ASV1889	0.00348	0.00000000	0.01043866	0.00000000
ASV993	0.003972	0.00000000	0.00000000	0.01191551
ASV1872	0.003298	0.000000000	0.000000000	0.009893411
ASV994	0.003685	0.00000000	0.00000000	0.01105459
ASV1890	0.003231	0.000000000	0.009692437	0.000000000
ASV1891	0.003395	0.00000000	0.01018611	0.00000000
ASV995	0.003907	0.0000000000	0.0001966847	0.0115248331
ASV996	0.004051	0.00000000	0.00000000	0.01215203
ASV1892	0.003177	0.000000000	0.009532232	0.000000000
ASV1893	0.00335	0.00000000	0.01005003	0.00000000
ASV1894	0.003255	0.000000000	0.009765198	0.000000000
ASV1895	0.003136	0.000000000	0.000000000	0.009406849
ASV997	0.004051	0.0006142355	0.0000000000	0.0115393256
ASV871	0.003225	0.000000000	0.008670822	0.001004963
ASV1896	0.003082	0.000000000	0.000000000	0.009244662
ASV998	0.004344	0.0130311	0.0000000	0.0000000
ASV999	0.003679	0.001268982	0.000000000	0.009766808
ASV1897	0.003358	0.00000000	0.00000000	0.01007495
ASV1898	0.002825	0.000000000	0.000000000	0.008475353
ASV846	0.004008	0.01202373	0.00000000	0.00000000
ASV1899	0.002617	0.000000000	0.007851198	0.000000000
ASV1900	0.003113	0.000000000	0.000000000	0.009337544
ASV1000	0.003319	0.000000000	0.000000000	0.009958267
ASV1901	0.003068	0.00000000	0.00920549	0.00000000
ASV1001	0.00385	0.00000000	0.01154937	0.00000000
ASV1002	0.004152	0.01245451	0.00000000	0.00000000
ASV1003	0.003581	0.00000000	0.00000000	0.01074191
ASV1004	0.003289	0.000000000	0.000000000	0.009866906
ASV1902	0.00304	0.000000000	0.009121036	0.000000000
ASV1005	0.004075	0.01222387	0.00000000	0.00000000
ASV1903	0.00283	0.000000000	0.008490896	0.000000000
ASV1904	0.002522	0.0000000	0.0075657	0.0000000
ASV1006	0.003198	0.000000000	0.000000000	0.009592826
ASV1905	0.002946	0.000000000	0.008839187	0.000000000
ASV1007	0.00354	0.00000000	0.00000000	0.01062026
ASV1008	0.003586	0.00000000	0.01075843	0.00000000
ASV1830	0.002836	0.000000000	0.000000000	0.008508164
ASV1009	0.003376	0.00000000	0.01012926	0.00000000
ASV1010	0.003948	0.01184284	0.00000000	0.00000000
ASV1906	0.003048	0.00000000	0.00000000	0.00914421
ASV1011	0.0031	0.0000000000	0.0002142162	0.0090859571
ASV1012	0.003483	0.00000000	0.01044809	0.00000000
ASV860	0.003025	0.000000000	0.000000000	0.009074536
ASV852	0.003053	0.000000000	0.009160291	0.000000000
ASV1013	0.003282	0.000000000	0.000000000	0.009846749
ASV1908	0.002969	0.000000000	0.000000000	0.008905537
ASV659	0.003202	0.000230639	0.000000000	0.009376135
ASV1014	0.003499	0.0000000	0.0104966	0.0000000
ASV1909	0.002643	0.000000000	0.007928033	0.000000000
ASV845	0.003148	0.000000000	0.001532514	0.007911114
ASV1015	0.002846	0.0083336842	0.0000000000	0.0002042359
ASV1016	0.00309	0.001774658	0.007494042	0.000000000
ASV1017	0.002924	0.000000000	0.000000000	0.008770583
ASV1018	0.003114	0.000000000	0.009342522	0.000000000
ASV1019	0.003093	0.000000000	0.000000000	0.009278467
ASV84	0.002687	0.0075812513	0.0004806167	0.0000000000
ASV1020	0.0032	0.000000000	0.000000000	0.009599085
ASV1021	0.00306	0.000000000	0.000000000	0.009180799
ASV1022	0.00306	0.000000000	0.000000000	0.009180799
ASV1910	0.002646	0.00000000	0.00793868	0.00000000
ASV1911	0.002779	0.000000000	0.000000000	0.008337368
ASV847	0.002681	0.0071932853	0.0000000000	0.0008488676
ASV1023	0.003168	0.000000000	0.005890947	0.003613719
ASV1024	0.002963	0.000000000	0.008888477	0.000000000
ASV1025	0.004713	0.01413824	0.00000000	0.00000000
ASV1026	0.002963	0.000000000	0.000000000	0.008887795
ASV1882	0.002562	0.000000000	0.007685317	0.000000000
ASV141	0.002427	0.000000000	0.007280847	0.000000000
ASV851	0.002753	0.000000000	0.008257519	0.000000000
ASV1027	0.002731	0.0006982996	0.0000000000	0.0074956154
ASV1028	0.003411	0.01023313	0.00000000	0.00000000
ASV1912	0.002518	0.000000000	0.000000000	0.007554922
ASV1913	0.002518	0.000000000	0.000000000	0.007554922
ASV858	0.00278	0.001379748	0.001436732	0.005524905
ASV1029	0.002885	0.0002306390	0.0003213244	0.0081027859
ASV1914	0.002469	0.000000000	0.007408081	0.000000000
ASV1915	0.002639	0.000000000	0.000000000	0.007916032
ASV22	0.002772	0.000000000	0.003758792	0.004556587
ASV61	0.002544	0.0076319	0.0000000	0.0000000
ASV859	0.002431	0.000000000	0.000000000	0.007292947
ASV1030	0.002899	0.000000000	0.000000000	0.008697366
ASV1916	0.0026	0.000000000	0.000000000	0.007799473
ASV1917	0.002352	0.000000000	0.000000000	0.007055137
ASV1918	0.0026	0.000000000	0.000000000	0.007799473
ASV1919	0.002441	0.000000000	0.007323898	0.000000000
ASV1920	0.002449	0.000000000	0.007347501	0.000000000
ASV1921	0.002441	0.000000000	0.007323898	0.000000000
ASV1922	0.002441	0.000000000	0.007323898	0.000000000
ASV1031	0.00307	0.000000000	0.009211299	0.000000000
ASV1032	0.00307	0.000000000	0.009211299	0.000000000
ASV1033	0.002927	0.000000000	0.000000000	0.008782142
ASV1034	0.002648	0.000000000	0.000000000	0.007944602
ASV848	0.002859	0.0003459585	0.0006734619	0.0075567265
ASV819	0.002447	0.007341694	0.000000000	0.000000000
ASV1035	0.002768	0.000000000	0.008304586	0.000000000
ASV1923	0.002245	0.000000000	0.000000000	0.006733748
ASV1036	0.003309	0.009927535	0.000000000	0.000000000
ASV1037	0.002707	0.0000000	0.0000000	0.0081198
ASV1038	0.002825	0.000000000	0.000000000	0.008475788
ASV1924	0.002112	0.000000000	0.000000000	0.006337426
ASV1039	0.002928	0.000000000	0.008782866	0.000000000
ASV1925	0.002368	0.007102593	0.000000000	0.000000000
ASV1040	0.003104	0.009313299	0.000000000	0.000000000
ASV1927	0.002273	0.000000000	0.006818802	0.000000000
ASV1928	0.002429	0.000000000	0.000000000	0.007286348
ASV1929	0.002292	0.000000000	0.000000000	0.006875828
ASV1930	0.002421	0.000000000	0.000000000	0.007261578
ASV1041	0.003023	0.0083934674	0.0006762971	0.0000000000
ASV1042	0.002436	0.00000000	0.00000000	0.00730882
ASV1931	0.002264	0.000000000	0.000000000	0.006790941
ASV1932	0.002245	0.000000000	0.006734619	0.000000000
ASV1933	0.002245	0.000000000	0.006734619	0.000000000
ASV1043	0.003037	0.009110241	0.000000000	0.000000000
ASV1044	0.002406	0.000000000	0.000000000	0.007217459
ASV1045	0.002713	0.0006142355	0.0004917117	0.0070321015
ASV1934	0.002109	0.00000000	0.00632812	0.00000000
ASV1935	0.002369	0.000000000	0.000000000	0.007106438
ASV1936	0.002235	0.000000000	0.000000000	0.006706054
ASV1937	0.002361	0.00000000	0.00000000	0.00708228
ASV1046	0.002519	0.000230639	0.000000000	0.007325106
ASV1047	0.002507	0.000000000	0.000000000	0.007520442
ASV1048	0.002951	0.008853383	0.000000000	0.000000000
ASV1049	0.002341	0.0002306390	0.0002142162	0.0065779376
ASV1938	0.001808	0.000000000	0.005424464	0.000000000
ASV1939	0.00214	0.000000000	0.006418507	0.000000000
ASV855	0.002375	0.000000000	0.000000000	0.007124425
ASV1050	0.002646	0.000000000	0.007938661	0.000000000
ASV1051	0.002586	0.000000000	0.007758482	0.000000000
ASV1052	0.002193	0.006579224	0.000000000	0.000000000
ASV1053	0.002883	0.008648963	0.000000000	0.000000000
ASV1940	0.001798	0.000000000	0.005392719	0.000000000
ASV1941	0.002122	0.000000000	0.000000000	0.006366507
ASV863	0.002168	0.004414338	0.000000000	0.002088436
ASV873	0.002269	0.000689874	0.000000000	0.006116934
ASV1054	0.002845	0.008533643	0.000000000	0.000000000
ASV1942	0.00175	0.000000000	0.005248914	0.000000000
ASV1943	0.002055	0.000000000	0.006165145	0.000000000
ASV1944	0.002189	0.000000000	0.000000000	0.006566709
ASV1945	0.001949	0.000000000	0.005847504	0.000000000
ASV435	0.002571	0.000000000	0.007711785	0.000000000
ASV1055	0.002387	0.000000000	0.000000000	0.007161272
ASV1056	0.002344	0.000000000	0.000000000	0.007032102
ASV1057	0.002571	0.000000000	0.007711785	0.000000000
ASV1058	0.002311	0.000000000	0.000000000	0.006934433
ASV91	0.007166	0.02149824	0.00000000	0.00000000
ASV411	0.002702	0.0019742038	0.0003103393	0.0058207218
ASV1059	0.002279	0.000000000	0.000000000	0.006836765
ASV1060	0.002331	0.000000000	0.006991889	0.000000000
ASV1061	0.002414	0.000000000	0.007241249	0.000000000
ASV1949	0.001869	0.000000000	0.005607195	0.000000000
ASV1950	0.001981	0.000000000	0.000000000	0.005942073
ASV708	0.002385	0.000000000	0.007156112	0.000000000
ASV1062	0.002397	0.00000000	0.00719107	0.00000000
ASV1063	0.002222	0.000000000	0.006666358	0.000000000
ASV1064	0.002214	0.000000000	0.000000000	0.006641429
ASV1951	0.001924	0.0000000	0.0000000	0.0057723
ASV1952	0.001731	0.000000000	0.000000000	0.005192108
ASV1065	0.002181	0.000000000	0.000000000	0.006543761
ASV1066	0.002181	0.000000000	0.000000000	0.006543761
ASV1067	0.00204	0.000000000	0.000000000	0.006121136
ASV1068	0.002063	0.000000000	0.000000000	0.006189399
ASV1954	0.001896	0.000000000	0.000000000	0.005687413
ASV1955	0.001896	0.000000000	0.000000000	0.005687413
ASV1956	0.002002	0.000000000	0.000000000	0.006006491
ASV1069	0.002356	0.000000000	0.007069136	0.000000000
ASV1957	0.001972	0.000000000	0.000000000	0.005916841
ASV85	0.001857	0.00000000	0.00557095	0.00000000
ASV1070	0.001979	0.000000000	0.000000000	0.005938416
ASV1953	0.00186	0.005579303	0.000000000	0.000000000
ASV1958	0.001753	0.000000000	0.005258389	0.000000000
ASV1959	0.001949	0.000000000	0.000000000	0.005847069
ASV1071	0.002285	0.00000000	0.00685492	0.00000000
ASV1961	0.001726	0.000000000	0.005177491	0.000000000
ASV1962	0.001811	0.000000000	0.000000000	0.005432753
ASV1963	0.001811	0.000000000	0.000000000	0.005432753
ASV1964	0.001913	0.000000000	0.000000000	0.005737543
ASV1072	0.002249	0.000000000	0.006747812	0.000000000
ASV1965	0.001883	0.000000000	0.000000000	0.005647894
ASV1073	0.002214	0.000000000	0.006640704	0.000000000
ASV1074	0.002102	0.000000000	0.000000000	0.006304612
ASV861	0.00185	0.002598352	0.002950270	0.000000000
ASV1075	0.002103	0.000000000	0.006310232	0.000000000
ASV1076	0.001878	0.000000000	0.000000000	0.005635125
ASV1967	0.001645	0.000000000	0.004934796	0.000000000
ASV1968	0.001712	0.000000000	0.005135147	0.000000000
ASV194	0.002142	0.000000000	0.006426487	0.000000000
ASV1077	0.0023	0.00689874	0.00000000	0.00000000
ASV1969	0.001732	0.005197019	0.000000000	0.000000000
ASV1078	0.001826	0.0002299580	0.0005900214	0.0046593725
ASV1079	0.002268	0.006803851	0.000000000	0.000000000
ASV1080	0.002017	0.000230639	0.000000000	0.005820722
ASV505	0.002066	0.0000000000	0.0059980549	0.0001989242
ASV853	0.002189	0.0063238453	0.0000000000	0.0002432806
ASV1081	0.001868	0.000000000	0.005603605	0.000000000
ASV1082	0.001888	0.000000000	0.000000000	0.005664748
ASV1083	0.001888	0.000000000	0.000000000	0.005664748
ASV1972	0.001564	0.000000000	0.004692101	0.000000000
ASV1973	0.001633	0.000000000	0.004898334	0.000000000
ASV1084	0.001736	0.000000000	0.000000000	0.005207534
ASV1085	0.001736	0.000000000	0.000000000	0.005207534
ASV1086	0.002035	0.000000000	0.006105163	0.000000000
ASV1087	0.002185	0.006553803	0.000000000	0.000000000
ASV1088	0.002035	0.000000000	0.006105163	0.000000000
ASV1974	0.001537	0.000000000	0.004611203	0.000000000
ASV1975	0.001703	0.000000000	0.000000000	0.005109999
ASV1089	0.002153	0.006457892	0.000000000	0.000000000
ASV1090	0.001906	0.000000000	0.000000000	0.005718604
ASV1977	0.001342	0.000000000	0.004026564	0.000000000
ASV1978	0.001679	0.000000000	0.000000000	0.005037475
ASV1979	0.001673	0.00000000	0.00000000	0.00502035
ASV1091	0.001975	0.000461278	0.005462514	0.000000000
ASV1092	0.001907	0.000000000	0.004391433	0.001329005
ASV1093	0.00563	0.01689148	0.00000000	0.00000000
ASV1907	0.001548	0.00000000	0.00464443	0.00000000
ASV1980	0.001487	0.000000000	0.000000000	0.004460144
ASV450	0.001618	0.000000000	0.000000000	0.004853798
ASV1094	0.001644	0.000000000	0.000000000	0.004933453
ASV1983	0.001442	0.000000000	0.004325551	0.000000000
ASV1984	0.001528	0.000000000	0.000000000	0.004583885
ASV1095	0.001828	0.00000000	0.00548266	0.00000000
ASV1096	0.001737	0.000000000	0.005212144	0.000000000
ASV1097	0.002037	0.006111934	0.000000000	0.000000000
ASV1985	0.001429	0.00000000	0.00428761	0.00000000
ASV1987	0.001522	0.004565507	0.000000000	0.000000000
ASV1098	0.001693	0.00000000	0.00000000	0.00507874
ASV1099	0.001999	0.005996614	0.000000000	0.000000000
ASV1989	0.001402	0.000000000	0.004206711	0.000000000
ASV1100	0.001736	0.000000000	0.000000000	0.005208014
ASV1101	0.001736	0.000000000	0.000000000	0.005208014
ASV1102	0.001614	0.000000000	0.000000000	0.004841374
ASV1103	0.001955	0.005863929	0.000000000	0.000000000
ASV1990	0.001431	0.00000000	0.00429332	0.00000000
ASV1104	0.00161	0.000000000	0.004830694	0.000000000
ASV1105	0.001916	0.00574895	0.00000000	0.00000000
ASV1106	0.001922	0.005765975	0.000000000	0.000000000
ASV1107	0.001628	0.000000000	0.000000000	0.004883404
ASV1108	0.001433	0.004298427	0.000000000	0.000000000
ASV1109	0.001668	0.000000000	0.000000000	0.005003778
ASV1110	0.001436	0.004307653	0.000000000	0.000000000
ASV1991	0.001294	0.000000000	0.003883118	0.000000000
ASV1992	0.001347	0.000000000	0.004040771	0.000000000
ASV1993	0.001294	0.000000000	0.003883118	0.000000000
ASV201	0.001534	0.0001676356	0.0033910043	0.0010442179
ASV1111	0.001454	0.002153826	0.002208110	0.000000000
ASV1112	0.001374	0.004122981	0.000000000	0.000000000
ASV1113	0.001676	0.000000000	0.005026758	0.000000000
ASV1994	0.00127	0.000000000	0.000000000	0.003811396
ASV527	0.001642	0.000000000	0.004926974	0.000000000
ASV723	0.001481	0.000000000	0.000000000	0.004442051
ASV1114	0.001345	0.004035258	0.000000000	0.000000000
ASV1115	0.001768	0.005304697	0.000000000	0.000000000
ASV1116	0.001566	0.000000000	0.000000000	0.004697425
ASV1117	0.001498	0.000000000	0.000000000	0.004492732
ASV1118	0.001443	0.000000000	0.000000000	0.004328728
ASV1119	0.001376	0.004128167	0.000000000	0.000000000
ASV1997	0.001103	0.000000000	0.003307535	0.000000000
ASV1998	0.001379	0.000000000	0.000000000	0.004137926
ASV1120	0.001316	0.003947535	0.000000000	0.000000000
ASV1121	0.001605	0.0006142355	0.0000000000	0.0041997273
ASV1122	0.004607	0.0138203	0.0000000	0.0000000
ASV1123	0.00137	0.000000000	0.000000000	0.004111211
ASV1999	0.001079	0.000000000	0.003235632	0.000000000
ASV2000	0.001349	0.000000000	0.000000000	0.004047971
ASV2001	0.001263	0.000000000	0.003788223	0.000000000
ASV631	0.001686	0.005059076	0.000000000	0.000000000
ASV1124	0.001392	0.000000000	0.000000000	0.004176872
ASV1125	0.001405	0.000000000	0.004214414	0.000000000
ASV1126	0.00142	0.0006281993	0.0014482499	0.0021833647
ASV865	0.001375	0.002069622	0.002055449	0.000000000
ASV1127	0.001257	0.003772089	0.000000000	0.000000000
ASV1128	0.001309	0.000000000	0.000000000	0.003928491
ASV1129	0.001535	0.000000000	0.004605649	0.000000000
ASV1130	0.00141	0.000000000	0.004228721	0.000000000
ASV1131	0.001336	0.0002306390	0.0002142162	0.0035630495
ASV1132	0.001432	0.000000000	0.004295018	0.000000000
ASV2004	0.001162	0.000000000	0.000000000	0.003487022
ASV772	0.001329	0.000000000	0.000000000	0.003987014
ASV1133	0.0015	0.000000000	0.004498541	0.000000000
ASV1134	0.0043	0.01289895	0.00000000	0.00000000
ASV1135	0.001392	0.000000000	0.000000000	0.004177409
ASV1136	0.001329	0.000000000	0.000000000	0.003987014
ASV189	0.001464	0.000000000	0.004391433	0.000000000
ASV217	0.001316	0.000000000	0.003947861	0.000000000
ASV1137	0.001571	0.004714139	0.000000000	0.000000000
ASV2005	0.00115	0.000000000	0.003451492	0.000000000
ASV2006	0.001108	0.000000000	0.000000000	0.003324835
ASV226	0.001014	0.001173449	0.001869476	0.000000000
ASV1138	0.001302	0.000000000	0.000000000	0.003906723
ASV2007	0.001068	0.000000000	0.003204112	0.000000000
ASV2008	0.001081	0.000000000	0.000000000	0.003243741
ASV1139	0.001495	0.004484181	0.000000000	0.000000000
ASV1140	0.001188	0.00000000	0.00000000	0.00356305
ASV1141	0.002007	0.006021291	0.000000000	0.000000000
ASV1142	0.001329	0.0000000000	0.0004137857	0.0035741274
ASV1143	0.001256	0.000000000	0.003767941	0.000000000
ASV2010	0.001126	0.003378062	0.000000000	0.000000000
ASV2011	0.001086	0.00000000	0.00000000	0.00325863
ASV2012	0.001165	0.000000000	0.000000000	0.003496315
ASV1144	0.001357	0.000000000	0.004070109	0.000000000
ASV1145	0.001276	0.000000000	0.002397219	0.001429651
ASV1146	0.001461	0.004382141	0.000000000	0.000000000
ASV1147	0.00389	0.01167047	0.00000000	0.00000000
ASV1148	0.001293	0.000000000	0.000000000	0.003880481
ASV2013	0.001015	0.000000000	0.000000000	0.003046219
ASV2016	0.001015	0.000000000	0.003043906	0.000000000
ASV2017	0.00107	0.000000000	0.003209253	0.000000000
ASV2018	0.000904	0.000000000	0.002712232	0.000000000
ASV1149	0.001338	0.002759496	0.001255980	0.000000000
ASV1150	0.001276	0.000000000	0.003827518	0.000000000
ASV1151	0.001205	0.000000000	0.000000000	0.003613719
ASV2021	0.001	0.000000000	0.000000000	0.003000461
ASV1152	0.001172	0.000000000	0.000000000	0.003516051
ASV1153	0.001225	0.000000000	0.000000000	0.003676245
ASV1154	0.001096	0.000000000	0.000000000	0.003288969
ASV1155	0.001096	0.000000000	0.000000000	0.003288969
ASV1156	0.001172	0.000000000	0.000000000	0.003516051
ASV1157	0.001225	0.000000000	0.000000000	0.003676245
ASV1158	0.001047	0.003142348	0.000000000	0.000000000
ASV1159	0.001184	0.000230639	0.000000000	0.003320715
ASV1160	0.001077	0.003230739	0.000000000	0.000000000
ASV2023	0.001079	0.000000000	0.000000000	0.003238377
ASV2024	0.001019	0.000000000	0.000000000	0.003055923
ASV1161	0.00116	0.000000000	0.000000000	0.003481174
ASV1162	0.001066	0.000000000	0.000000000	0.003197609
ASV1163	0.001047	0.003140997	0.000000000	0.000000000
ASV2025	0.000938	0.000000000	0.002813536	0.000000000
ASV2026	0.000944	0.00000000	0.00283144	0.00000000
ASV2027	0.000946	0.000000000	0.000000000	0.002838274
ASV1164	0.001214	0.000000000	0.003641676	0.000000000
ASV1165	0.001303	0.003909286	0.000000000	0.000000000
ASV1166	0.001017	0.003051254	0.000000000	0.000000000
ASV1167	0.003481	0.010442	0.000000	0.000000
ASV1168	0.001157	0.000000000	0.000000000	0.003472009
ASV1169	0.001157	0.000000000	0.000000000	0.003472009
ASV1170	0.001076	0.000000000	0.000000000	0.003227583
ASV1171	0.001269	0.003805544	0.000000000	0.000000000
ASV1172	0.001005	0.000000000	0.000000000	0.003014888
ASV1173	0.001123	0.000000000	0.000000000	0.003369892
ASV1174	0.001123	0.000000000	0.000000000	0.003369892
ASV1175	0.001099	0.000000000	0.003296176	0.000000000
ASV1176	0.000987	0.002961511	0.000000000	0.000000000
ASV1177	0.001178	0.000000000	0.003534568	0.000000000
ASV2030	0.000881	0.000000000	0.002643392	0.000000000
ASV2032	0.000938	0.002813213	0.000000000	0.000000000
ASV1178	0.001089	0.000000000	0.000000000	0.003267774
ASV1179	0.001042	0.000000000	0.000000000	0.003125378
ASV1180	0.000975	0.000000000	0.000000000	0.002923528
ASV1181	0.000975	0.000000000	0.000000000	0.002923528
ASV2034	0.000761	0.000000000	0.002283985	0.000000000
ASV2036	0.000905	0.000000000	0.000000000	0.002716376
ASV1182	0.001069	0.000000000	0.003206839	0.000000000
ASV1183	0.001107	0.000000000	0.003320352	0.000000000
ASV1184	0.001016	0.000000000	0.003048613	0.000000000
ASV1185	0.003174	0.009520651	0.000000000	0.000000000
ASV1186	0.000981	0.000000000	0.000000000	0.002942796
ASV1187	0.000981	0.000000000	0.000000000	0.002942796
ASV2020	0.000874	0.002621183	0.000000000	0.000000000
ASV2037	0.00093	0.000000000	0.000000000	0.002788602
ASV2038	0.000881	0.002642715	0.000000000	0.000000000
ASV2039	0.000881	0.002642715	0.000000000	0.000000000
ASV2040	0.000828	0.000000000	0.002483186	0.000000000
ASV1188	0.001021	0.000000000	0.000000000	0.003063538
ASV1189	0.000897	0.002692283	0.000000000	0.000000000
ASV1190	0.000914	0.000000000	0.000000000	0.002740807
ASV1191	0.003071	0.009213533	0.000000000	0.000000000
ASV1192	0.00115	0.00344937	0.00000000	0.00000000
ASV1193	0.000877	0.00263169	0.00000000	0.00000000
ASV1194	0.000983	0.00000000	0.00295027	0.00000000
ASV1195	0.000877	0.00263169	0.00000000	0.00000000
ASV2042	0.000801	0.000000000	0.002403084	0.000000000
ASV2044	0.000846	0.002536629	0.000000000	0.000000000
ASV2045	0.000866	0.002598509	0.000000000	0.000000000
ASV1196	0.000966	0.00000000	0.00289664	0.00000000
ASV1197	0.001111	0.003334391	0.000000000	0.000000000
ASV1198	0.000944	0.000000000	0.000000000	0.002832374
ASV1199	0.001111	0.003334391	0.000000000	0.000000000
ASV2046	0.00081	0.002430716	0.000000000	0.000000000
ASV2047	0.000867	0.000000000	0.000000000	0.002599824
ASV2048	0.000817	0.002452075	0.000000000	0.000000000
ASV2049	0.000821	0.000000000	0.000000000	0.002461716
ASV121	0.000744	0.0005029068	0.0017292221	0.0000000000
ASV1200	0.001073	0.003219412	0.000000000	0.000000000
ASV1201	0.001073	0.003219412	0.000000000	0.000000000
ASV1202	0.000869	0.000438615	0.000000000	0.002167031
ASV1203	0.000838	0.002512797	0.000000000	0.000000000
ASV1204	0.000953	0.000000000	0.000000000	0.002859302
ASV1205	0.000901	0.000000000	0.000000000	0.002703167
ASV1206	0.000886	0.000000000	0.000000000	0.002658009
ASV2035	0.000786	0.000000000	0.002357117	0.000000000
ASV2053	0.000796	0.002386969	0.000000000	0.000000000
ASV45	0.00081	0.000000000	0.000000000	0.002428783
ASV1207	0.000879	0.000000000	0.000000000	0.002637038
ASV1208	0.000854	0.00000000	0.00000000	0.00256308
ASV1209	0.000822	0.000000000	0.000000000	0.002466727
ASV1210	0.000822	0.000000000	0.000000000	0.002466727
ASV1211	0.000879	0.000000000	0.000000000	0.002637038
ASV1212	0.00087	0.000000000	0.002608575	0.000000000
ASV1213	0.00079	0.002368521	0.000000000	0.000000000
ASV1214	0.001035	0.003104433	0.000000000	0.000000000
ASV1215	0.000931	0.000000000	0.002793053	0.000000000
ASV1216	0.000964	0.000000000	0.002891919	0.000000000
ASV1217	0.000964	0.000000000	0.002891919	0.000000000
ASV2055	0.000761	0.002282966	0.000000000	0.000000000
ASV2056	0.000764	0.000000000	0.000000000	0.002291943
ASV2057	0.00078	0.002338659	0.000000000	0.000000000
ASV385	0.000759	0.000000000	0.000000000	0.002277699
ASV1218	0.000881	0.000000000	0.000000000	0.002641717
ASV1219	0.000792	0.000000000	0.000000000	0.002375366
ASV1220	0.000792	0.000000000	0.000000000	0.002375366
ASV1221	0.000848	0.000000000	0.000000000	0.002542958
ASV1222	0.000885	0.000000000	0.000000000	0.002655066
ASV1223	0.000885	0.000000000	0.000000000	0.002655066
ASV1224	0.000984	0.0027594961	0.0001932278	0.0000000000
ASV1225	0.000928	0.000000000	0.002784811	0.000000000
ASV1226	0.000778	0.002333312	0.000000000	0.000000000
ASV2052	0.000732	0.000000000	0.002195805	0.000000000
ASV2061	0.000703	0.000000000	0.000000000	0.002108432
ASV2062	0.000736	0.000000000	0.000000000	0.002207056
ASV2063	0.000736	0.000000000	0.000000000	0.002207056
ASV2065	0.00073	0.000000000	0.002188751	0.000000000
ASV2066	0.00073	0.000000000	0.002188751	0.000000000
ASV2067	0.000701	0.000000000	0.002103356	0.000000000
ASV327	0.000887	0.000000000	0.002660172	0.000000000
ASV1227	0.000893	0.000000000	0.002677703	0.000000000
ASV1228	0.002559	0.007677944	0.000000000	0.000000000
ASV1229	0.000791	0.000000000	0.000000000	0.002373222
ASV1230	0.00077	0.000000000	0.000000000	0.002309477
ASV2068	0.000606	0.000000000	0.001819276	0.000000000
ASV2069	0.00075	0.000000000	0.000000000	0.002248873
ASV2070	0.000668	0.000000000	0.000000000	0.002004092
ASV2071	0.000636	0.000000000	0.000000000	0.001908863
ASV176	0.000759	0.000000000	0.000000000	0.002278294
ASV874	0.000641	0.001923219	0.000000000	0.000000000
ASV1231	0.00081	0.000000000	0.000000000	0.002431353
ASV1232	0.000731	0.000000000	0.000000000	0.002192646
ASV1233	0.000731	0.000000000	0.000000000	0.002192646
ASV1234	0.000817	0.00000000	0.00000000	0.00245083
ASV1235	0.002457	0.007370826	0.000000000	0.000000000
ASV1236	0.000787	0.000000000	0.002360216	0.000000000
ASV1237	0.000857	0.000000000	0.002570595	0.000000000
ASV2072	0.000617	0.000000000	0.001851605	0.000000000
ASV2073	0.000673	0.000000000	0.002020386	0.000000000
ASV2075	0.000682	0.002045973	0.000000000	0.000000000
ASV107	0.000671	0.002014145	0.000000000	0.000000000
ASV354	0.002355	0.007063709	0.000000000	0.000000000
ASV1238	0.000711	0.000000000	0.000000000	0.002132825
ASV1239	0.000749	0.000000000	0.000000000	0.002246366
ASV1240	0.000749	0.000000000	0.000000000	0.002246366
ASV1241	0.000783	0.000000000	0.000000000	0.002348712
ASV1242	0.002355	0.007063709	0.000000000	0.000000000
ASV1243	0.000884	0.002652349	0.000000000	0.000000000
ASV1244	0.000882	0.002644517	0.000000000	0.000000000
ASV1245	0.000882	0.002644517	0.000000000	0.000000000
ASV1246	0.000882	0.002644517	0.000000000	0.000000000
ASV1247	0.001608	0.003685413	0.001137911	0.000000000
ASV1248	0.000808	0.0001745749	0.0022492706	0.0000000000
ASV2076	0.000622	0.000000000	0.000000000	0.001865151
ASV2077	0.000687	0.00000000	0.00000000	0.00206193
ASV2078	0.000614	0.000000000	0.001842364	0.000000000
ASV2079	0.00069	0.000000000	0.000000000	0.002068963
ASV222	0.000702	0.000000000	0.002107207	0.000000000
ASV864	0.000718	0.0000000000	0.0002141236	0.0019402406
ASV866	0.000665	0.000000000	0.000000000	0.001995564
ASV1249	0.00067	0.000000000	0.000000000	0.002009925
ASV1250	0.00064	0.001920324	0.000000000	0.000000000
ASV1251	0.002252	0.006756591	0.000000000	0.000000000
ASV1252	0.000843	0.002529538	0.000000000	0.000000000
ASV1253	0.000791	0.000230639	0.002142162	0.000000000
ASV1254	0.000816	0.0020191496	0.0004284325	0.0000000000
ASV2083	0.000619	0.000000000	0.001857989	0.000000000
ASV2085	0.000635	0.001905574	0.000000000	0.000000000
ASV2086	0.000635	0.001905574	0.000000000	0.000000000
ASV2087	0.000657	0.00000000	0.00000000	0.00197228
ASV166	0.000699	0.000000000	0.002097567	0.000000000
ASV215	0.000578	0.00000000	0.00000000	0.00173332
ASV1255	0.00215	0.006449473	0.000000000	0.000000000
ASV1256	0.00064	0.000000000	0.000000000	0.001918565
ASV1257	0.000684	0.00000000	0.00000000	0.00205103
ASV1258	0.000647	0.000000000	0.000000000	0.001939961
ASV1259	0.000823	0.0006142355	0.0000000000	0.0018556935
ASV2088	0.000568	0.000000000	0.000000000	0.001702964
ASV2091	0.000592	0.00177564	0.00000000	0.00000000
ASV2092	0.000591	0.000000000	0.001773535	0.000000000
ASV2093	0.000503	0.000000000	0.001509961	0.000000000
ASV466	0.000681	0.000000000	0.000000000	0.002042359
ASV613	0.000768	0.002304688	0.000000000	0.000000000
ASV632	0.000714	0.000000000	0.002142162	0.000000000
ASV1260	0.002047	0.006142355	0.000000000	0.000000000
ASV1261	0.000633	0.000000000	0.000000000	0.001898578
ASV1262	0.000609	0.000000000	0.000000000	0.001827205
ASV1263	0.000651	0.000000000	0.000000000	0.001953362
ASV1264	0.000681	0.000000000	0.000000000	0.002042359
ASV1265	0.000681	0.000000000	0.000000000	0.002042359
ASV1266	0.000585	0.00175446	0.00000000	0.00000000
ASV1267	0.000767	0.00229958	0.00000000	0.00000000
ASV1268	0.000767	0.00229958	0.00000000	0.00000000
ASV1269	0.000656	0.000000000	0.001966847	0.000000000
ASV1270	0.00062	0.0000000000	0.0002142162	0.0016444844
ASV1271	0.00065	0.000000000	0.001949621	0.000000000
ASV2080	0.000522	0.001565033	0.000000000	0.000000000
ASV2096	0.000561	0.000000000	0.001683655	0.000000000
ASV2097	0.000541	0.000000000	0.000000000	0.001621871
ASV2100	0.000566	0.000000000	0.000000000	0.001697735
ASV2101	0.000479	0.000000000	0.001438059	0.000000000
ASV2102	0.000534	0.000000000	0.001602056	0.000000000
ASV1272	0.000678	0.000000000	0.002035054	0.000000000
ASV1273	0.001945	0.005835237	0.000000000	0.000000000
ASV1274	0.000579	0.000000000	0.000000000	0.001735845
ASV1275	0.000601	0.000000000	0.000000000	0.001803649
ASV2106	0.000507	0.000000000	0.001521953	0.000000000
ASV2107	0.000507	0.000000000	0.001521953	0.000000000
ASV2108	0.000544	0.001630873	0.000000000	0.000000000
ASV2109	0.000484	0.000000000	0.000000000	0.001450736
ASV1276	0.000586	0.000000000	0.000000000	0.001758025
ASV1277	0.000586	0.000000000	0.000000000	0.001758025
ASV1278	0.000613	0.000000000	0.000000000	0.001838123
ASV1279	0.00057	0.00000000	0.00000000	0.00170872
ASV1280	0.00057	0.00000000	0.00000000	0.00170872
ASV1281	0.000613	0.000000000	0.000000000	0.001838123
ASV1282	0.00059	0.000000000	0.001770162	0.000000000
ASV1283	0.000622	0.000230639	0.000000000	0.001633887
ASV1284	0.000575	0.000000000	0.001724078	0.000000000
ASV1285	0.000621	0.000000000	0.001862036	0.000000000
ASV1286	0.000643	0.000000000	0.001927946	0.000000000
ASV1287	0.000524	0.001571174	0.000000000	0.000000000
ASV2111	0.000458	0.000000000	0.000000000	0.001374382
ASV2112	0.000487	0.000000000	0.000000000	0.001459684
ASV2113	0.000487	0.000000000	0.000000000	0.001459684
ASV2114	0.00054	0.000000000	0.000000000	0.001619188
ASV2115	0.000478	0.000000000	0.000000000	0.001434107
ASV2116	0.00047	0.00140853	0.00000000	0.00000000
ASV2119	0.000511	0.00153448	0.00000000	0.00000000
ASV220	0.000547	0.000000000	0.001642436	0.000000000
ASV869	0.00053	0.0000000000	0.0002142162	0.0013746609
ASV1288	0.00174	0.005221002	0.000000000	0.000000000
ASV1289	0.000518	0.000000000	0.000000000	0.001553124
ASV1290	0.000553	0.000000000	0.000000000	0.001660357
ASV1291	0.000553	0.000000000	0.000000000	0.001660357
ASV1292	0.000553	0.000000000	0.000000000	0.001660357
ASV1293	0.00174	0.005221002	0.000000000	0.000000000
ASV1294	0.001036	0.003107476	0.000000000	0.000000000
ASV1295	0.000652	0.001954643	0.000000000	0.000000000
ASV1296	0.000543	0.000000000	0.001628296	0.000000000
ASV1297	0.000543	0.000000000	0.001628296	0.000000000
ASV1298	0.000607	0.000000000	0.001820838	0.000000000
ASV2120	0.00051	0.000000000	0.000000000	0.001529234
ASV2121	0.00046	0.00000000	0.00000000	0.00137859
ASV2122	0.000508	0.000000000	0.000000000	0.001524035
ASV2123	0.000491	0.001472489	0.000000000	0.000000000
ASV2124	0.000455	0.0008661698	0.0004996217	0.0000000000
ASV2125	0.000413	0.000000000	0.001238749	0.000000000
ASV641	0.000571	0.00000000	0.00171373	0.00000000
ASV1299	0.000545	0.000000000	0.000000000	0.001633887
ASV1300	0.000506	0.000000000	0.000000000	0.001518862
ASV1301	0.000506	0.000000000	0.000000000	0.001518862
ASV1302	0.000487	0.000000000	0.000000000	0.001461764
ASV1303	0.000521	0.000000000	0.000000000	0.001562689
ASV1304	0.000545	0.000000000	0.000000000	0.001633887
ASV1305	0.000536	0.000000000	0.001609157	0.000000000
ASV1306	0.000511	0.000000000	0.001532514	0.000000000
ASV1307	0.000524	0.000000000	0.001573477	0.000000000
ASV1308	0.000533	0.000000000	0.001598146	0.000000000
ASV1309	0.000552	0.000000000	0.001655143	0.000000000
ASV1960	0.000427	0.000000000	0.001281645	0.000000000
ASV2127	0.000458	0.001373367	0.000000000	0.000000000
ASV2128	0.000428	0.000000000	0.000000000	0.001282619
ASV2129	0.000453	0.000000000	0.000000000	0.001358188
ASV2134	0.00045	0.000000000	0.001351265	0.000000000
ASV2135	0.000381	0.000000000	0.001141992	0.000000000
ASV2136	0.000381	0.000000000	0.001141992	0.000000000
ASV118	0.000436	0.001309312	0.000000000	0.000000000
ASV1310	0.001536	0.004606766	0.000000000	0.000000000
ASV1311	0.000475	0.000000000	0.000000000	0.001423933
ASV1312	0.000475	0.000000000	0.000000000	0.001423933
ASV1313	0.000475	0.000000000	0.000000000	0.001423933
ASV1314	0.000457	0.000000000	0.000000000	0.001370404
ASV1315	0.000457	0.000000000	0.000000000	0.001370404
ASV1316	0.000457	0.000000000	0.000000000	0.001370404
ASV1317	0.000457	0.000000000	0.000000000	0.001370404
ASV1318	0.000488	0.000000000	0.000000000	0.001465021
ASV1319	0.000488	0.000000000	0.000000000	0.001465021
ASV1320	0.000479	0.000000000	0.001436732	0.000000000
ASV1321	0.000436	0.001309312	0.000000000	0.000000000
ASV1322	0.000436	0.001309312	0.000000000	0.000000000
ASV1323	0.000575	0.001724685	0.000000000	0.000000000
ASV1324	0.000575	0.001724685	0.000000000	0.000000000
ASV1325	0.000479	0.000000000	0.001436732	0.000000000
ASV1326	0.000479	0.000000000	0.001436732	0.000000000
ASV1327	0.000536	0.000000000	0.001606622	0.000000000
ASV1328	0.000544	0.0010348110	0.0002068928	0.0003906723
ASV2140	0.000433	0.001299255	0.000000000	0.000000000
ASV2142	0.000391	0.001173775	0.000000000	0.000000000
ASV2143	0.000419	0.001257267	0.000000000	0.000000000
ASV2144	0.000421	0.000000000	0.001262741	0.000000000
ASV868	0.000483	0.00000000	0.00144825	0.00000000
ASV1329	0.000456	0.000000000	0.000000000	0.001367353
ASV1330	0.000443	0.000000000	0.000000000	0.001329005
ASV1331	0.000443	0.000000000	0.000000000	0.001329005
ASV1332	0.000426	0.000000000	0.000000000	0.001279043
ASV1333	0.000464	0.00000000	0.00000000	0.00139247
ASV1334	0.000456	0.000000000	0.000000000	0.001367353
ASV1335	0.000537	0.001609706	0.000000000	0.000000000
ASV2147	0.000356	0.000000000	0.000000000	0.001068963
ASV2149	0.000391	0.001173449	0.000000000	0.000000000
ASV811	0.000461	0.0000000000	0.0011781894	0.0002042359
ASV1336	0.000389	0.001166656	0.000000000	0.000000000
ASV1337	0.000411	0.000000000	0.000000000	0.001234076
ASV1338	0.000411	0.000000000	0.000000000	0.001234076
ASV1339	0.000396	0.000000000	0.000000000	0.001187683
ASV1340	0.000396	0.000000000	0.000000000	0.001187683
ASV1341	0.000396	0.000000000	0.000000000	0.001187683
ASV1342	5e-04	0.001499154	0.000000000	0.000000000
ASV1343	0.000498	0.001494727	0.000000000	0.000000000
ASV1344	0.000378	0.001134737	0.000000000	0.000000000
ASV1345	0.00038	0.001140399	0.000000000	0.000000000
ASV1346	0.000464	0.000000000	0.001392406	0.000000000
ASV1347	0.000498	0.001494727	0.000000000	0.000000000
ASV1348	0.000444	0.0000000000	0.0003103393	0.0010211793
ASV1349	0.000378	0.001134737	0.000000000	0.000000000
ASV2003	0.000312	0.000000000	0.000934738	0.000000000
ASV2132	0.000351	0.000000000	0.001051678	0.000000000
ASV2153	0.000366	0.000000000	0.001097902	0.000000000
ASV2154	0.000388	0.000000000	0.000000000	0.001165438
ASV2157	0.000369	0.001108235	0.000000000	0.000000000
ASV2158	0.000369	0.001108235	0.000000000	0.000000000
ASV2159	0.000339	0.001017272	0.000000000	0.000000000
ASV2162	0.000365	0.000000000	0.001094376	0.000000000
ASV2163	0.000312	0.000000000	0.000934738	0.000000000
ASV2164	0.000347	0.000000000	0.001041336	0.000000000
ASV2165	0.000347	0.000000000	0.001041336	0.000000000
ASV2167	0.000351	0.000000000	0.001051678	0.000000000
ASV49	0.000354	0.0004330849	0.0000000000	0.0006275438
ASV57	0.00036	0.000000000	0.000000000	0.001079459
ASV303	0.000305	0.0000000000	0.0000000000	0.0009162544
ASV870	0.00037	0.000000000	0.000000000	0.001110598
ASV1350	0.000408	0.000000000	0.000000000	0.001225415
ASV1351	0.000365	0.000000000	0.000000000	0.001096323
ASV1352	0.000365	0.000000000	0.000000000	0.001096323
ASV1353	0.000391	0.000000000	0.000000000	0.001172017
ASV1354	0.000391	0.000000000	0.000000000	0.001172017
ASV1355	0.000392	0.000000000	0.000000000	0.001177399
ASV1356	0.000394	0.000000000	0.000000000	0.001180917
ASV1357	0.000357	0.001072003	0.000000000	0.000000000
ASV1358	0.000349	0.001047449	0.000000000	0.000000000
ASV1359	0.00046	0.001379748	0.000000000	0.000000000
ASV1360	0.000376	0.0000000000	0.0006704750	0.0004568012
ASV1361	0.000383	0.000000000	0.001149386	0.000000000
ASV1362	4e-04	0.00000000	0.00119861	0.00000000
ASV1363	0.000386	0.000000000	0.001159367	0.000000000
ASV1364	0.000428	0.000000000	0.001285297	0.000000000
ASV2168	0.00036	0.000000000	0.000000000	0.001079459
ASV2169	0.000341	0.001022987	0.000000000	0.000000000
ASV2171	0.000305	0.0000000000	0.0000000000	0.0009162544
ASV2172	0.00036	0.000000000	0.000000000	0.001079459
ASV2173	0.000324	0.0000000000	0.0000000000	0.0009731224
ASV2175	0.000343	0.001030025	0.000000000	0.000000000
ASV2180	0.000285	0.0000000000	0.0008564944	0.0000000000
ASV2181	0.000324	0.0000000000	0.0009707795	0.0000000000
ASV2182	0.000288	0.0000000000	0.0008628351	0.0000000000
ASV169	0.000422	0.001264769	0.000000000	0.000000000
ASV1365	0.00032	0.000960162	0.000000000	0.000000000
ASV1366	0.000348	0.000000000	0.000000000	0.001044218
ASV1367	0.000335	0.000000000	0.000000000	0.001004963
ASV1368	0.000374	0.000000000	0.000000000	0.001123297
ASV1369	0.000358	0.000000000	0.000000000	0.001074349
ASV1370	0.000322	0.0009649529	0.0000000000	0.0000000000
ASV1371	0.000351	0.000000000	0.001053604	0.000000000
ASV1372	0.000358	0.0001745749	0.0008989572	0.0000000000
ASV1373	0.000354	0.000000000	0.001062753	0.000000000
ASV1374	0.000393	0.000000000	0.001178189	0.000000000
ASV2185	0.000318	0.0009527868	0.0000000000	0.0000000000
ASV2189	0.00033	0.0000000000	0.0000000000	0.0009895041
ASV2190	0.000313	0.0009377376	0.0000000000	0.0000000000
ASV2191	0.000262	0.0000000000	0.0007851198	0.0000000000
ASV2192	0.000264	0.0000000000	0.0007909322	0.0000000000
ASV2193	0.000287	0.0008607684	0.0000000000	0.0000000000
ASV572	0.000281	0.0000000000	0.0008418274	0.0000000000
ASV793	0.000319	0.0000000000	0.0009578214	0.0000000000
ASV875	0.000281	0.0000000000	0.0008422676	0.0000000000
ASV1375	0.000319	0.0000000000	0.0009578214	0.0000000000
ASV1376	0.000305	0.0000000000	0.0000000000	0.0009136024
ASV1377	0.000305	0.0000000000	0.0000000000	0.0009136024
ASV1378	0.000305	0.0000000000	0.0000000000	0.0009136024
ASV1379	0.000326	0.0000000000	0.0000000000	0.0009766808
ASV1380	0.000332	0.0000000000	0.0000000000	0.0009946211
ASV1381	0.00034	0.000000000	0.000000000	0.001021179
ASV1382	0.000292	0.0008772299	0.0000000000	0.0000000000
ASV1383	0.000383	0.00114979	0.00000000	0.00000000
ASV1384	0.000315	0.0000000000	0.0006704750	0.0002740807
ASV1385	0.000319	0.0000000000	0.0009578214	0.0000000000
ASV1386	0.000319	0.0000000000	0.0009578214	0.0000000000
ASV1387	0.000328	0.0000000000	0.0009834234	0.0000000000
ASV1388	0.000322	0.0000000000	0.0009661388	0.0000000000
ASV1389	0.000357	0.000000000	0.001071081	0.000000000
ASV1390	0.000357	0.000000000	0.001071081	0.000000000
ASV1391	0.000319	0.0000000000	0.0009578214	0.0000000000
ASV2194	0.000281	0.0000000000	0.0008418274	0.0000000000
ASV2195	0.000255	0.0000000000	0.0000000000	0.0007635453
ASV2196	0.00027	0.0000000000	0.0000000000	0.0008109353
ASV2197	3e-04	0.0000000000	0.0000000000	0.0008995491
ASV2198	3e-04	0.0000000000	0.0000000000	0.0008995491
ASV2200	0.000282	0.0000000000	0.0008445404	0.0000000000
ASV2201	0.000281	0.0000000000	0.0008418274	0.0000000000
ASV2203	0.00024	0.0000000000	0.0007190293	0.0000000000
ASV2204	0.00024	0.0000000000	0.0007190293	0.0000000000
ASV2205	0.00024	0.0000000000	0.0007190293	0.0000000000
ASV2206	0.00024	0.0000000000	0.0007190293	0.0000000000
ASV2207	0.000267	0.0000000000	0.0008010279	0.0000000000
ASV529	0.000253	0.0000000000	0.0007600863	0.0000000000
ASV872	0.000306	0.0000000000	0.0000000000	0.0009190613
ASV1392	0.000262	0.0007855871	0.0000000000	0.0000000000
ASV1393	0.000921	0.00276406	0.00000000	0.00000000
ASV1394	0.000306	0.0000000000	0.0000000000	0.0009190613
ASV1395	0.000345	0.001034811	0.000000000	0.000000000
ASV1396	0.000306	0.0000000000	0.0000000000	0.0009190613
ASV1397	0.000293	0.0000000000	0.0000000000	0.0008790127
ASV1398	0.000274	0.0000000000	0.0000000000	0.0008222422
ASV1399	0.000345	0.001034811	0.000000000	0.000000000
ASV1400	0.000263	0.0007895069	0.0000000000	0.0000000000
ASV1401	0.000345	0.001034811	0.000000000	0.000000000
ASV1402	0.000345	0.001034811	0.000000000	0.000000000
ASV1403	0.000321	0.0006898740	0.0000000000	0.0002740807
ASV1404	0.000345	0.001034811	0.000000000	0.000000000
ASV1405	0.000345	0.001034811	0.000000000	0.000000000
ASV1406	0.000302	0.0000000000	0.0001915643	0.0007148255
ASV1407	0.000287	0.0000000000	0.0008620392	0.0000000000
ASV1408	0.000285	0.0000000000	0.0002142162	0.0006395217
ASV1409	0.000321	0.0000000000	0.0009639731	0.0000000000
ASV2212	0.000258	0.0007725189	0.0000000000	0.0000000000
ASV2213	0.00026	0.0007795528	0.0000000000	0.0000000000
ASV2214	0.000243	0.0000000000	0.0000000000	0.0007298418
ASV2215	0.00026	0.0007795528	0.0000000000	0.0000000000
ASV2217	0.00027	0.0000000000	0.0000000000	0.0008095942
ASV2220	0.000216	0.0000000000	0.0006471263	0.0000000000
ASV2221	0.000216	0.0000000000	0.0006471263	0.0000000000
ASV2222	0.000253	0.0000000000	0.0007576446	0.0000000000
ASV2224	0.000216	0.0000000000	0.0006471263	0.0000000000
ASV2226	0.000216	0.0000000000	0.0006471263	0.0000000000
ASV2227	0.000216	0.0000000000	0.0006471263	0.0000000000
ASV2228	0.000214	0.0000000000	0.0006423708	0.0000000000
ASV2229	0.000253	0.0000000000	0.0007576446	0.0000000000
ASV1410	0.00026	0.0000000000	0.0000000000	0.0007813446
ASV1411	0.000233	0.0006982996	0.0000000000	0.0000000000
ASV1412	0.000819	0.002456942	0.000000000	0.000000000
ASV1413	0.000272	0.0000000000	0.0000000000	0.0008169434
ASV1414	0.00026	0.0000000000	0.0000000000	0.0007813446
ASV1415	0.00026	0.0000000000	0.0000000000	0.0007813446
ASV1416	0.000253	0.0000000000	0.0000000000	0.0007594312
ASV1417	0.000244	0.000000000	0.000000000	0.000730882
ASV1418	0.000253	0.0000000000	0.0000000000	0.0007594312
ASV1419	0.000253	0.0000000000	0.0000000000	0.0007594312
ASV1420	0.000253	0.0000000000	0.0000000000	0.0007594312
ASV1421	0.000234	0.0007017839	0.0000000000	0.0000000000
ASV1422	0.000253	0.0000000000	0.0000000000	0.0007594312
ASV1423	0.000233	0.0006982996	0.0000000000	0.0000000000
ASV1424	0.000308	0.000922556	0.000000000	0.000000000
ASV1425	0.000278	0.0003449370	0.0000000000	0.0004883404
ASV1426	0.000276	0.0000000000	0.0008275714	0.0000000000
ASV1427	0.000307	0.000919832	0.000000000	0.000000000
ASV1428	0.000286	0.000000000	0.000856865	0.000000000
ASV1429	0.000286	0.000000000	0.000856865	0.000000000
ASV1430	0.000286	0.000000000	0.000856865	0.000000000
ASV1431	0.000268	0.0000000000	0.0008042703	0.0000000000
ASV1432	0.000286	0.000000000	0.000856865	0.000000000
ASV1433	0.000286	0.000000000	0.000856865	0.000000000
ASV1434	0.000266	0.0000000000	0.0007990731	0.0000000000
ASV1435	0.000266	0.0000000000	0.0007990731	0.0000000000
ASV1436	0.000266	0.0000000000	0.0004994207	0.0002983863
ASV1437	0.000255	0.0000000000	0.0007662571	0.0000000000
ASV1438	0.000255	0.0000000000	0.0007662571	0.0000000000
ASV1439	0.000266	0.0000000000	0.0007990731	0.0000000000
ASV2230	0.000226	0.0000000000	0.0000000000	0.0006790941
ASV2235	0.00024	0.0000000000	0.0000000000	0.0007196393
ASV2236	0.000204	0.0000000000	0.0000000000	0.0006108362
ASV2237	0.000226	0.0000000000	0.0000000000	0.0006790941
ASV2238	0.000239	0.0000000000	0.0000000000	0.0007171929
ASV2239	0.000216	0.0000000000	0.0000000000	0.0006487482
ASV2240	0.000204	0.0000000000	0.0000000000	0.0006108362
ASV2243	0.00019	0.0000000000	0.0005709962	0.0000000000
ASV2247	0.00019	0.0000000000	0.0005709962	0.0000000000
ASV2249	0.00019	0.0000000000	0.0005709962	0.0000000000
ASV2251	0.000224	0.0000000000	0.0006734619	0.0000000000
ASV2254	0.000225	0.0000000000	0.0006756323	0.0000000000
ASV283	0.00021	0.0000000000	0.0000000000	0.0006296844
ASV769	0.000209	0.0000000000	0.0000000000	0.0006275438
ASV1440	0.000228	0.0000000000	0.0000000000	0.0006836765
ASV1441	0.000717	0.002149824	0.000000000	0.000000000
ASV1442	0.000238	0.0000000000	0.0000000000	0.0007148255
ASV1443	0.000238	0.0000000000	0.0000000000	0.0007148255
ASV1444	0.000238	0.0000000000	0.0000000000	0.0007148255
ASV1445	0.000238	0.0000000000	0.0000000000	0.0007148255
ASV1446	0.000232	0.0000000000	0.0000000000	0.0006962348
ASV1447	0.000213	0.0000000000	0.0000000000	0.0006395217
ASV1448	0.000228	0.0000000000	0.0000000000	0.0006836765
ASV1449	0.000228	0.0000000000	0.0000000000	0.0006836765
ASV1450	0.000222	0.0000000000	0.0000000000	0.0006645023
ASV1451	0.000222	0.0000000000	0.0000000000	0.0006645023
ASV1452	0.000222	0.0000000000	0.0000000000	0.0006645023
ASV1453	0.000204	0.0006110122	0.0000000000	0.0000000000
ASV1454	0.000368	0.0006142355	0.0000000000	0.0004883404
ASV1455	0.000213	0.0000000000	0.0000000000	0.0006395217
ASV1456	0.000204	0.0006110122	0.0000000000	0.0000000000
ASV1457	0.000229	0.0000000000	0.0006883964	0.0000000000
ASV1458	0.000204	0.0006110122	0.0000000000	0.0000000000
ASV1459	0.00025	0.0000000000	0.0007497569	0.0000000000
ASV1460	0.00025	0.0000000000	0.0007497569	0.0000000000
ASV1461	0.00025	0.0000000000	0.0007497569	0.0000000000
ASV1462	0.00025	0.0000000000	0.0007497569	0.0000000000
ASV1463	0.000233	0.0000000000	0.0006991889	0.0000000000
ASV1464	0.00025	0.0000000000	0.0007497569	0.0000000000
ASV1465	0.000224	0.0001794855	0.0004917117	0.0000000000
ASV1466	0.000223	0.000000000	0.000670475	0.000000000
ASV1467	0.000223	0.000000000	0.000670475	0.000000000
ASV1468	0.000268	0.000804853	0.000000000	0.000000000
ASV1469	0.000268	0.000804853	0.000000000	0.000000000
ASV1470	0.000268	0.000804853	0.000000000	0.000000000
ASV1471	0.000204	0.0006127543	0.0000000000	0.0000000000
ASV2255	0.000198	0.0000000000	0.0000000000	0.0005942073
ASV2256	0.000183	0.0005477617	0.0000000000	0.0000000000
ASV2257	0.000197	0.0005918801	0.0000000000	0.0000000000
ASV2259	0.00021	0.0000000000	0.0000000000	0.0006296844
ASV2260	0.000198	0.0000000000	0.0000000000	0.0005942073
ASV2261	0.000198	0.0000000000	0.0000000000	0.0005942073
ASV2262	0.000209	0.0000000000	0.0000000000	0.0006275438
ASV2263	0.000209	0.0000000000	0.0000000000	0.0006275438
ASV2269	0.000197	0.0000000000	0.0005911783	0.0000000000
ASV2275	0.000187	0.0000000000	0.0005607195	0.0000000000
ASV2276	0.000189	0.0000000000	0.0005662881	0.0000000000
ASV2277	0.000189	0.0000000000	0.0005662881	0.0000000000
ASV2278	0.000196	0.0000000000	0.0005892792	0.0000000000
ASV213	0.000143	0.0000000000	0.0004298324	0.0000000000
ASV725	0.00019	0.0000000000	0.0000000000	0.0005695734
ASV1472	0.000183	0.0000000000	0.0000000000	0.0005481615
ASV1473	0.000204	0.0000000000	0.0000000000	0.0006127076
ASV1474	0.000198	0.0000000000	0.0000000000	0.0005949082
ASV1475	0.000199	0.0000000000	0.0000000000	0.0005967727
ASV1476	0.000195	0.0000000000	0.0000000000	0.0005860085
ASV1477	0.000195	0.0000000000	0.0000000000	0.0005860085
ASV1478	0.000195	0.0000000000	0.0000000000	0.0005860085
ASV1479	0.000195	0.0000000000	0.0000000000	0.0005860085
ASV1480	0.00019	0.0000000000	0.0000000000	0.0005695734
ASV1481	0.000183	0.0000000000	0.0000000000	0.0005481615
ASV1482	0.000183	0.0000000000	0.0000000000	0.0005481615
ASV1483	0.000183	0.0000000000	0.0000000000	0.0005481615
ASV1484	0.00019	0.0000000000	0.0000000000	0.0005695734
ASV1485	0.00019	0.0000000000	0.0000000000	0.0005695734
ASV1486	0.000614	0.001842707	0.000000000	0.000000000
ASV1487	0.00019	0.0000000000	0.0000000000	0.0005695734
ASV1488	0.000204	0.0000000000	0.0000000000	0.0006127076
ASV1489	0.000195	0.0000000000	0.0000000000	0.0005860085
ASV1490	0.000614	0.001842707	0.000000000	0.000000000
ASV1491	0.000192	0.0000000000	0.0005746928	0.0000000000
ASV1492	0.000175	0.0005237247	0.0000000000	0.0000000000
ASV1493	0.000214	0.0000000000	0.0006426487	0.0000000000
ASV1494	0.000214	0.0000000000	0.0006426487	0.0000000000
ASV1495	0.000214	0.0000000000	0.0006426487	0.0000000000
ASV1496	0.000207	0.0000000000	0.0006206785	0.0000000000
ASV1497	0.000207	0.0000000000	0.0006206785	0.0000000000
ASV1498	0.000207	0.0000000000	0.0006206785	0.0000000000
ASV1499	0.000197	0.000000000	0.000590054	0.000000000
ASV1500	0.000193	0.0000000000	0.0005796833	0.0000000000
ASV1501	0.000192	0.0000000000	0.0005746928	0.0000000000
ASV1502	0.00023	0.000689874	0.000000000	0.000000000
ASV1503	0.00023	0.000689874	0.000000000	0.000000000
ASV1504	0.000175	0.000526338	0.000000000	0.000000000
ASV1505	0.000175	0.0005237247	0.0000000000	0.0000000000
ASV1506	0.00023	0.000689874	0.000000000	0.000000000
ASV1507	0.000175	0.0005237247	0.0000000000	0.0000000000
ASV2280	0.000173	0.0005197019	0.0000000000	0.0000000000
ASV2281	0.000157	0.00046951	0.00000000	0.00000000
ASV2283	0.000157	0.00046951	0.00000000	0.00000000
ASV2284	0.000168	0.0005029068	0.0000000000	0.0000000000
ASV2285	0.000168	0.0005029068	0.0000000000	0.0000000000
ASV2286	0.00017	0.0005114933	0.0000000000	0.0000000000
ASV2287	0.000162	0.0000000000	0.0000000000	0.0004865612
ASV2291	0.00018	0.0000000000	0.0000000000	0.0005397295
ASV2292	0.00018	0.0000000000	0.0000000000	0.0005397295
ASV2293	0.000162	0.0000000000	0.0000000000	0.0004865612
ASV2294	0.000162	0.0000000000	0.0000000000	0.0004865612
ASV2296	0.000168	0.0000000000	0.0005050964	0.0000000000
ASV2298	0.000143	0.0000000000	0.0004282472	0.0000000000
ASV2301	0.000144	0.0000000000	0.0004314176	0.0000000000
ASV2302	0.000162	0.0000000000	0.0004853898	0.0000000000
ASV2303	0.000143	0.0000000000	0.0004282472	0.0000000000
ASV2305	0.000143	0.0000000000	0.0004282472	0.0000000000
ASV2307	0.000168	0.0000000000	0.0005050964	0.0000000000
ASV2308	0.000169	0.0000000000	0.0005067242	0.0000000000
ASV2311	0.000168	0.0000000000	0.0005050964	0.0000000000
ASV110	0.000143	0.0004291772	0.0000000000	0.0000000000
ASV197	0.00017	0.0000000000	0.0000000000	0.0005105896
ASV288	0.000149	0.0000000000	0.0000000000	0.0004482456
ASV876	0.000154	0.0001732340	0.0002873464	0.0000000000
ASV1508	0.000163	0.0000000000	0.0000000000	0.0004883404
ASV1509	0.00017	0.0000000000	0.0000000000	0.0005105896
ASV1510	0.000163	0.0000000000	0.0000000000	0.0004883404
ASV1511	0.000163	0.0000000000	0.0000000000	0.0004883404
ASV1512	0.000163	0.0000000000	0.0000000000	0.0004883404
ASV1513	0.00017	0.0000000000	0.0000000000	0.0005105896
ASV1514	0.000163	0.0000000000	0.0000000000	0.0004883404
ASV1515	0.00017	0.0000000000	0.0000000000	0.0005105896
ASV1516	0.00017	0.0000000000	0.0000000000	0.0005105896
ASV1517	0.000163	0.0000000000	0.0000000000	0.0004883404
ASV1518	0.000163	0.0000000000	0.0000000000	0.0004883404
ASV1519	0.000158	0.0000000000	0.0000000000	0.0004746445
ASV1520	0.000152	0.0000000000	0.0000000000	0.0004568012
ASV1521	0.000152	0.0000000000	0.0000000000	0.0004568012
ASV1522	0.000152	0.0000000000	0.0000000000	0.0004568012
ASV1523	0.000152	0.0000000000	0.0000000000	0.0004568012
ASV1524	0.000152	0.0000000000	0.0000000000	0.0004568012
ASV1525	0.000152	0.0000000000	0.0000000000	0.0004568012
ASV1526	0.000158	0.0000000000	0.0000000000	0.0004746445
ASV1527	0.000158	0.0000000000	0.0000000000	0.0004746445
ASV1528	0.000158	0.0000000000	0.0000000000	0.0004746445
ASV1529	0.000158	0.0000000000	0.0000000000	0.0004746445
ASV1530	0.000154	0.0000000000	0.0000000000	0.0004618955
ASV1531	0.000154	0.0000000000	0.0000000000	0.0004618955
ASV1532	0.00017	0.0000000000	0.0000000000	0.0005105896
ASV1533	0.000163	0.0000000000	0.0000000000	0.0004883404
ASV1534	0.00017	0.0000000000	0.0000000000	0.0005105896
ASV1535	0.00016	0.0000000000	0.0004789107	0.0000000000
ASV1536	0.00017	0.0000000000	0.0000000000	0.0005105896
ASV1537	0.000179	0.0000000000	0.0005355406	0.0000000000
ASV1538	0.000179	0.0000000000	0.0005355406	0.0000000000
ASV1539	0.000179	0.0000000000	0.0005355406	0.0000000000
ASV1540	0.000179	0.0000000000	0.0005355406	0.0000000000
ASV1541	0.000179	0.0000000000	0.0005355406	0.0000000000
ASV1542	0.000162	0.0001754460	0.0003103393	0.0000000000
ASV1543	0.000164	0.0000000000	0.0004917117	0.0000000000
ASV1544	0.000164	0.0000000000	0.0004917117	0.0000000000
ASV1545	0.000164	0.0000000000	0.0004917117	0.0000000000
ASV1546	0.00016	0.0000000000	0.0004789107	0.0000000000
ASV1547	0.00016	0.0000000000	0.0004789107	0.0000000000
ASV1548	0.000179	0.0000000000	0.0005355406	0.0000000000
ASV1549	0.000192	0.000574895	0.000000000	0.000000000
ASV1550	0.000145	0.0004364373	0.0000000000	0.0000000000
ASV1551	0.000192	0.000574895	0.000000000	0.000000000
ASV1552	0.000512	0.001535589	0.000000000	0.000000000
ASV1553	0.000192	0.0005765975	0.0000000000	0.0000000000
ASV1554	0.00015	0.0004487138	0.0000000000	0.0000000000
ASV1555	0.000145	0.0004364373	0.0000000000	0.0000000000
ASV1556	0.000145	0.0004364373	0.0000000000	0.0000000000
ASV1557	0.000146	0.000438615	0.000000000	0.000000000
ASV1558	0.000146	0.000438615	0.000000000	0.000000000
ASV1559	0.000192	0.000574895	0.000000000	0.000000000
ASV2316	0.000144	0.0004330849	0.0000000000	0.0000000000
ASV2317	0.000144	0.0004330849	0.0000000000	0.0000000000
ASV2318	0.000144	0.0004330849	0.0000000000	0.0000000000
ASV2319	0.000144	0.0004330849	0.0000000000	0.0000000000
ASV2320	0.000144	0.0004330849	0.0000000000	0.0000000000
ASV2321	0.000142	0.0004262444	0.0000000000	0.0000000000
ASV2323	0.00015	0.0000000000	0.0000000000	0.0004497746
ASV2324	0.00015	0.0000000000	0.0000000000	0.0004497746
ASV2325	0.000141	0.0000000000	0.0000000000	0.0004244338
ASV2326	0.000141	0.0000000000	0.0000000000	0.0004244338
ASV2327	0.000141	0.0000000000	0.0000000000	0.0004244338
ASV2328	0.000149	0.0000000000	0.0000000000	0.0004482456
ASV2329	0.000134	0.0000000000	0.0000000000	0.0004008183
ASV2330	0.000135	0.0000000000	0.0000000000	0.0004054677
ASV2331	0.000135	0.0000000000	0.0000000000	0.0004054677
ASV2332	0.000135	0.0000000000	0.0000000000	0.0004054677
ASV2333	0.000142	0.0004262444	0.0000000000	0.0000000000
ASV2334	0.000149	0.0000000000	0.0000000000	0.0004482456
ASV2335	0.00013	0.0003912583	0.0000000000	0.0000000000
ASV2336	0.00012	0.0000000000	0.0003595146	0.0000000000
ASV2343	0.000134	0.0000000000	0.0004005139	0.0000000000
ASV2344	0.000134	0.0000000000	0.0004005139	0.0000000000
ASV2345	0.000136	0.0000000000	0.0004092164	0.0000000000
ASV2346	0.00012	0.0000000000	0.0003595146	0.0000000000
ASV2347	0.00012	0.0000000000	0.0003595146	0.0000000000
ASV2348	0.00013	0.0003912583	0.0000000000	0.0000000000
ASV2349	0.000135	0.0000000000	0.0004044915	0.0000000000
ASV2354	0.000135	0.0000000000	0.0004044915	0.0000000000
ASV2355	0.000141	0.0000000000	0.0004222702	0.0000000000
ASV2356	0.000141	0.0000000000	0.0004222702	0.0000000000
ASV2357	0.000141	0.0000000000	0.0004222702	0.0000000000
ASV2358	0.00014	0.0000000000	0.0004209137	0.0000000000
ASV2359	0.000141	0.0000000000	0.0004222702	0.0000000000
ASV58	0.000112	0.0000000000	0.0003367309	0.0000000000
ASV329	0.000107	0.0000000000	0.0003204112	0.0000000000
ASV399	0.000128	0.0000000000	0.0003831286	0.0000000000
ASV515	0.000113	0.000000000	0.000000000	0.000339547
ASV1560	0.000122	0.000000000	0.000000000	0.000365441
ASV1561	0.00013	0.0000000000	0.0000000000	0.0003906723
ASV1562	0.000122	0.000000000	0.000000000	0.000365441
ASV1563	0.000122	0.000000000	0.000000000	0.000365441
ASV1564	0.00013	0.0000000000	0.0000000000	0.0003906723
ASV1565	0.00013	0.0000000000	0.0000000000	0.0003906723
ASV1566	0.00013	0.0000000000	0.0000000000	0.0003906723
ASV1567	0.00013	0.0000000000	0.0000000000	0.0003906723
ASV1568	0.00013	0.0000000000	0.0000000000	0.0003906723
ASV1569	0.00013	0.0000000000	0.0000000000	0.0003906723
ASV1570	0.00013	0.0000000000	0.0000000000	0.0003906723
ASV1571	0.00013	0.0000000000	0.0000000000	0.0003906723
ASV1572	0.00013	0.0000000000	0.0000000000	0.0003906723
ASV1573	0.000133	0.0000000000	0.0000000000	0.0003978484
ASV1574	0.000122	0.000000000	0.000000000	0.000365441
ASV1575	0.000122	0.000000000	0.000000000	0.000365441
ASV1576	0.000127	0.0000000000	0.0000000000	0.0003797156
ASV1577	0.000122	0.000000000	0.000000000	0.000365441
ASV1578	0.000127	0.0000000000	0.0000000000	0.0003797156
ASV1579	0.000123	0.0000000000	0.0000000000	0.0003695164
ASV1580	0.000123	0.0000000000	0.0000000000	0.0003695164
ASV1581	0.000136	0.0000000000	0.0000000000	0.0004084717
ASV1582	0.000127	0.0000000000	0.0000000000	0.0003797156
ASV1583	0.000127	0.0000000000	0.0000000000	0.0003797156
ASV1584	0.000127	0.0000000000	0.0000000000	0.0003797156
ASV1585	0.000127	0.0000000000	0.0000000000	0.0003797156
ASV1586	0.000122	0.000000000	0.000000000	0.000365441
ASV1587	0.000127	0.0000000000	0.0000000000	0.0003797156
ASV1588	0.000127	0.0000000000	0.0000000000	0.0003797156
ASV1589	0.000122	0.000000000	0.000000000	0.000365441
ASV1590	0.000122	0.000000000	0.000000000	0.000365441
ASV1591	0.000122	0.000000000	0.000000000	0.000365441
ASV1592	0.000122	0.000000000	0.000000000	0.000365441
ASV1593	0.000133	0.0000000000	0.0000000000	0.0003978484
ASV1594	0.00013	0.0000000000	0.0000000000	0.0003906723
ASV1595	0.000136	0.0000000000	0.0000000000	0.0004084717
ASV1596	0.000117	0.000350892	0.000000000	0.000000000
ASV1597	0.000153	0.000459916	0.000000000	0.000000000
ASV1598	0.000153	0.000459916	0.000000000	0.000000000
ASV1599	0.000128	0.0000000000	0.0003831286	0.0000000000
ASV1600	0.000128	0.0000000000	0.0003831286	0.0000000000
ASV1601	0.000133	0.0000000000	0.0003995365	0.0000000000
ASV1602	0.000133	0.0000000000	0.0003995365	0.0000000000
ASV1603	0.000133	0.0000000000	0.0003995365	0.0000000000
ASV1604	0.000143	0.0000000000	0.0004284325	0.0000000000
ASV1605	0.000143	0.0000000000	0.0004284325	0.0000000000
ASV1606	0.000143	0.0000000000	0.0004284325	0.0000000000
ASV1607	0.000143	0.0000000000	0.0004284325	0.0000000000
ASV1608	0.000143	0.0000000000	0.0004284325	0.0000000000
ASV1609	0.000143	0.0000000000	0.0004284325	0.0000000000
ASV1610	0.000136	0.0000000000	0.0000000000	0.0004084717
ASV1611	0.000117	0.000350892	0.000000000	0.000000000
ASV1612	0.000138	0.0000000000	0.0004137857	0.0000000000
ASV1613	0.000117	0.000350892	0.000000000	0.000000000
ASV1614	0.000116	0.0003491498	0.0000000000	0.0000000000
ASV1615	0.000136	0.0000000000	0.0000000000	0.0004084717
ASV1616	0.000116	0.0003491498	0.0000000000	0.0000000000
ASV1617	0.000136	0.0000000000	0.0000000000	0.0004084717
ASV1618	0.000136	0.0000000000	0.0000000000	0.0004084717
ASV1619	0.000409	0.001228471	0.000000000	0.000000000
ASV1620	0.000116	0.0003491498	0.0000000000	0.0000000000
ASV1621	0.00027	0.0006142355	0.0000000000	0.0001953362
ASV1622	0.000116	0.0003491498	0.0000000000	0.0000000000
ASV1623	0.000116	0.0003491498	0.0000000000	0.0000000000
ASV1624	0.000116	0.0003491498	0.0000000000	0.0000000000
ASV1625	0.000116	0.0003491498	0.0000000000	0.0000000000
ASV1626	0.000116	0.0003491498	0.0000000000	0.0000000000
ASV1627	0.000143	0.0000000000	0.0004284325	0.0000000000
ASV1628	0.000116	0.0003491498	0.0000000000	0.0000000000
ASV1926	0.000112	0.0000000000	0.0003367309	0.0000000000
ASV2360	0.000115	0.0003464679	0.0000000000	0.0000000000
ASV2365	0.000112	0.0003352712	0.0000000000	0.0000000000
ASV2366	0.000114	0.0003409955	0.0000000000	0.0000000000
ASV2367	0.000114	0.0003433417	0.0000000000	0.0000000000
ASV2368	0.000104	0.0003130067	0.0000000000	0.0000000000
ASV2376	0.000113	0.0000000000	0.0000000000	0.0003402372
ASV2378	0.000113	0.000000000	0.000000000	0.000339547
ASV2379	0.00012	0.0000000000	0.0000000000	0.0003585965
ASV2380	0.00012	0.0000000000	0.0000000000	0.0003585965
ASV2381	0.000107	0.0000000000	0.0000000000	0.0003206546
ASV2382	0.000107	0.0000000000	0.0000000000	0.0003206546
ASV2383	0.000108	0.0000000000	0.0000000000	0.0003243741
ASV2384	0.000108	0.0000000000	0.0000000000	0.0003243741
ASV2385	0.000102	0.0000000000	0.0000000000	0.0003054181
ASV2386	0.000102	0.0000000000	0.0000000000	0.0003054181
ASV2391	0.000107	0.0000000000	0.0003204112	0.0000000000
ASV2392	0.000107	0.0000000000	0.0003204112	0.0000000000
ASV2403	0.000107	0.0000000000	0.0003204112	0.0000000000
ASV2404	0.000115	0.0003464679	0.0000000000	0.0000000000
ASV2405	9.6e-05	0.0000000000	0.0002876117	0.0000000000
ASV2406	0.000112	0.0000000000	0.0003367309	0.0000000000
ASV2408	9.5e-05	0.0000000000	0.0002854981	0.0000000000
ASV2411	0.000113	0.0000000000	0.0003378162	0.0000000000
ASV2412	0.000113	0.0000000000	0.0003378162	0.0000000000
ASV2414	0.000112	0.0000000000	0.0003367309	0.0000000000
ASV2415	0.000112	0.0000000000	0.0003367309	0.0000000000
ASV2416	0.000112	0.0000000000	0.0003367309	0.0000000000
ASV2417	9.5e-05	0.0000000000	0.0002854981	0.0000000000
ASV2418	9.5e-05	0.0000000000	0.0002854981	0.0000000000
ASV642	8.8e-05	0.000263169	0.000000000	0.000000000
ASV1629	9.1e-05	0.0000000000	0.0000000000	0.0002740807
ASV1630	9.8e-05	0.0000000000	0.0000000000	0.0002930042
ASV1631	9.8e-05	0.0000000000	0.0000000000	0.0002930042
ASV1632	9.8e-05	0.0000000000	0.0000000000	0.0002930042
ASV1633	9.1e-05	0.0000000000	0.0000000000	0.0002740807
ASV1634	9.8e-05	0.0000000000	0.0000000000	0.0002930042
ASV1635	9.8e-05	0.0000000000	0.0000000000	0.0002930042
ASV1636	9.1e-05	0.0000000000	0.0000000000	0.0002740807
ASV1637	9.8e-05	0.0000000000	0.0000000000	0.0002930042
ASV1638	9.8e-05	0.0000000000	0.0000000000	0.0002930042
ASV1639	0.000102	0.0000000000	0.0000000000	0.0003063538
ASV1640	9.9e-05	0.0000000000	0.0000000000	0.0002983863
ASV1641	0.000102	0.0000000000	0.0000000000	0.0003063538
ASV1642	0.000102	0.0000000000	0.0000000000	0.0003063538
ASV1643	0.000102	0.0000000000	0.0000000000	0.0003063538
ASV1644	0.000102	0.0000000000	0.0000000000	0.0003063538
ASV1645	0.000102	0.0000000000	0.0000000000	0.0003063538
ASV1646	0.000102	0.0000000000	0.0000000000	0.0003063538
ASV1647	0.000115	0.0003459585	0.0000000000	0.0000000000
ASV1648	9.1e-05	0.0000000000	0.0000000000	0.0002740807
ASV1649	9.1e-05	0.0000000000	0.0000000000	0.0002740807
ASV1650	9.5e-05	0.0000000000	0.0000000000	0.0002847867
ASV1651	9.1e-05	0.0000000000	0.0000000000	0.0002740807
ASV1652	9.5e-05	0.0000000000	0.0000000000	0.0002847867
ASV1653	8.7e-05	0.0002618624	0.0000000000	0.0000000000
ASV1654	9.5e-05	0.0000000000	0.0000000000	0.0002847867
ASV1655	9.5e-05	0.0000000000	0.0000000000	0.0002847867
ASV1656	9.5e-05	0.0000000000	0.0000000000	0.0002847867
ASV1657	9.5e-05	0.0000000000	0.0000000000	0.0002847867
ASV1658	9.5e-05	0.0000000000	0.0000000000	0.0002847867
ASV1659	9.5e-05	0.0000000000	0.0000000000	0.0002847867
ASV1660	9.5e-05	0.0000000000	0.0000000000	0.0002847867
ASV1661	9.5e-05	0.0000000000	0.0000000000	0.0002847867
ASV1662	9.5e-05	0.0000000000	0.0000000000	0.0002847867
ASV1663	9.1e-05	0.0000000000	0.0000000000	0.0002740807
ASV1664	9.1e-05	0.0000000000	0.0000000000	0.0002740807
ASV1665	9.1e-05	0.0000000000	0.0000000000	0.0002740807
ASV1666	9.1e-05	0.0000000000	0.0000000000	0.0002740807
ASV1667	9.1e-05	0.0000000000	0.0000000000	0.0002740807
ASV1668	9.1e-05	0.0000000000	0.0000000000	0.0002740807
ASV1669	9.1e-05	0.0000000000	0.0000000000	0.0002740807
ASV1670	9.1e-05	0.0000000000	0.0000000000	0.0002740807
ASV1671	9.1e-05	0.0000000000	0.0000000000	0.0002740807
ASV1672	9.1e-05	0.0000000000	0.0000000000	0.0002740807
ASV1673	9e-05	0.0002692283	0.0000000000	0.0000000000
ASV1674	0.000115	0.0003459585	0.0000000000	0.0000000000
ASV1675	8.7e-05	0.0002618624	0.0000000000	0.0000000000
ASV1676	0.000107	0.0000000000	0.0003213244	0.0000000000
ASV1677	9.6e-05	0.0000000000	0.0002873464	0.0000000000
ASV1678	9.8e-05	0.000000000	0.000295027	0.000000000
ASV1679	9.8e-05	0.000000000	0.000295027	0.000000000
ASV1680	1e-04	0.0000000000	0.0002996524	0.0000000000
ASV1681	1e-04	0.0000000000	0.0002996524	0.0000000000
ASV1682	0.000103	0.0000000000	0.0003103393	0.0000000000
ASV1683	0.000103	0.0000000000	0.0003103393	0.0000000000
ASV1684	9.7e-05	0.0000000000	0.0002898416	0.0000000000
ASV1685	0.000107	0.0000000000	0.0003213244	0.0000000000
ASV1686	9.6e-05	0.0000000000	0.0002873464	0.0000000000
ASV1687	0.000107	0.0000000000	0.0003213244	0.0000000000
ASV1688	0.000107	0.0000000000	0.0003213244	0.0000000000
ASV1689	0.000107	0.0000000000	0.0003213244	0.0000000000
ASV1690	0.000107	0.0000000000	0.0003213244	0.0000000000
ASV1691	0.000107	0.0000000000	0.0003213244	0.0000000000
ASV1692	0.000107	0.0000000000	0.0003213244	0.0000000000
ASV1693	0.000107	0.0000000000	0.0003213244	0.0000000000
ASV1694	0.000107	0.0000000000	0.0003213244	0.0000000000
ASV1695	8.7e-05	0.0002618624	0.0000000000	0.0000000000
ASV1696	9.6e-05	0.0000000000	0.0002873464	0.0000000000
ASV1697	0.000107	0.0000000000	0.0003213244	0.0000000000
ASV1698	9.6e-05	0.0000000000	0.0002873464	0.0000000000
ASV1699	0.000115	0.000344937	0.000000000	0.000000000
ASV1700	9.6e-05	0.0000000000	0.0002873464	0.0000000000
ASV1701	8.7e-05	0.0002618624	0.0000000000	0.0000000000
ASV1702	8.7e-05	0.0002618624	0.0000000000	0.0000000000
ASV1703	8.7e-05	0.0002618624	0.0000000000	0.0000000000
ASV1704	8.7e-05	0.0002618624	0.0000000000	0.0000000000
ASV1705	8.8e-05	0.000263169	0.000000000	0.000000000
ASV1706	8.8e-05	0.000263169	0.000000000	0.000000000
ASV1707	0.000115	0.000344937	0.000000000	0.000000000
ASV1708	0.000115	0.000344937	0.000000000	0.000000000
ASV1709	0.000115	0.000344937	0.000000000	0.000000000
ASV1710	0.000115	0.000344937	0.000000000	0.000000000
ASV1711	0.000115	0.000344937	0.000000000	0.000000000
ASV1712	0.000115	0.000344937	0.000000000	0.000000000
ASV1713	0.000115	0.000344937	0.000000000	0.000000000
ASV1714	0.000115	0.000344937	0.000000000	0.000000000
ASV1715	0.000115	0.000344937	0.000000000	0.000000000
ASV1716	0.000115	0.000344937	0.000000000	0.000000000
ASV1717	0.000115	0.000344937	0.000000000	0.000000000
ASV1982	8.6e-05	0.0002575063	0.0000000000	0.0000000000
ASV2420	8.5e-05	0.0002557466	0.0000000000	0.0000000000
ASV2426	8.7e-05	0.0002598509	0.0000000000	0.0000000000
ASV2427	8.7e-05	0.0002598509	0.0000000000	0.0000000000
ASV2428	8.4e-05	0.0002514534	0.0000000000	0.0000000000
ASV2429	8.5e-05	0.0002557466	0.0000000000	0.0000000000
ASV2430	8.5e-05	0.0002557466	0.0000000000	0.0000000000
ASV2431	8.5e-05	0.0002557466	0.0000000000	0.0000000000
ASV2432	8.5e-05	0.0002557466	0.0000000000	0.0000000000
ASV2433	8.4e-05	0.0002514534	0.0000000000	0.0000000000
ASV2435	7.8e-05	0.000234755	0.000000000	0.000000000
ASV2436	7.8e-05	0.000234755	0.000000000	0.000000000
ASV2437	7.8e-05	0.000234755	0.000000000	0.000000000
ASV2438	7.8e-05	0.000234755	0.000000000	0.000000000
ASV2443	7.6e-05	0.0000000000	0.0000000000	0.0002290636
ASV2444	7.6e-05	0.0000000000	0.0000000000	0.0002290636
ASV2445	8.1e-05	0.0000000000	0.0000000000	0.0002432806
ASV2446	8.1e-05	0.0000000000	0.0000000000	0.0002432806
ASV2447	8.1e-05	0.0000000000	0.0000000000	0.0002432806
ASV2448	8.1e-05	0.0000000000	0.0000000000	0.0002432806
ASV2449	9e-05	0.0000000000	0.0000000000	0.0002689473
ASV2450	9e-05	0.0000000000	0.0000000000	0.0002689473
ASV2451	8.5e-05	0.0000000000	0.0000000000	0.0002546603
ASV2452	8.5e-05	0.0000000000	0.0000000000	0.0002546603
ASV2453	9e-05	0.0000000000	0.0000000000	0.0002698647
ASV2458	8.1e-05	0.0000000000	0.0000000000	0.0002432806
ASV2461	7.2e-05	0.0000000000	0.0002157088	0.0000000000
ASV2462	7.2e-05	0.0000000000	0.0002157088	0.0000000000
ASV2463	8e-05	0.0000000000	0.0002403084	0.0000000000
ASV2464	8e-05	0.0000000000	0.0002403084	0.0000000000
ASV2465	8e-05	0.0000000000	0.0002403084	0.0000000000
ASV2466	8e-05	0.0000000000	0.0002403084	0.0000000000
ASV2470	7.2e-05	0.0000000000	0.0002157088	0.0000000000
ASV2479	7.2e-05	0.0000000000	0.0002157088	0.0000000000
ASV2481	8.1e-05	0.0000000000	0.0002426949	0.0000000000
ASV2492	8.4e-05	0.0000000000	0.0002533621	0.0000000000
ASV2493	8.4e-05	0.0000000000	0.0002525482	0.0000000000
ASV2494	8.4e-05	0.0000000000	0.0002525482	0.0000000000
ASV2495	7.1e-05	0.0000000000	0.0002141236	0.0000000000
ASV2496	8.4e-05	0.0000000000	0.0002533621	0.0000000000
ASV2497	8.4e-05	0.0000000000	0.0002533621	0.0000000000
ASV2498	8.4e-05	0.0000000000	0.0002533621	0.0000000000
ASV66	7.1e-05	0.0000000000	0.0002142162	0.0000000000
ASV178	5.8e-05	0.000173234	0.000000000	0.000000000
ASV383	6.3e-05	0.0000000000	0.0000000000	0.0001898578
ASV1718	6.5e-05	0.0000000000	0.0000000000	0.0001953362
ASV1719	6.5e-05	0.0000000000	0.0000000000	0.0001953362
ASV1720	6.5e-05	0.0000000000	0.0000000000	0.0001953362
ASV1721	6.5e-05	0.0000000000	0.0000000000	0.0001953362
ASV1722	6.5e-05	0.0000000000	0.0000000000	0.0001953362
ASV1723	6.5e-05	0.0000000000	0.0000000000	0.0001953362
ASV1724	6.5e-05	0.0000000000	0.0000000000	0.0001953362
ASV1725	6.5e-05	0.0000000000	0.0000000000	0.0001953362
ASV1726	6.5e-05	0.0000000000	0.0000000000	0.0001953362
ASV1727	6.5e-05	0.0000000000	0.0000000000	0.0001953362
ASV1728	6.5e-05	0.0000000000	0.0000000000	0.0001953362
ASV1729	6.8e-05	0.0000000000	0.0000000000	0.0002042359
ASV1730	6.5e-05	0.0000000000	0.0000000000	0.0001953362
ASV1731	6.5e-05	0.0000000000	0.0000000000	0.0001953362
ASV1732	6.5e-05	0.0000000000	0.0000000000	0.0001953362
ASV1733	6.6e-05	0.0000000000	0.0000000000	0.0001989242
ASV1734	6.6e-05	0.0000000000	0.0000000000	0.0001989242
ASV1735	6.8e-05	0.0000000000	0.0000000000	0.0002042359
ASV1736	6.8e-05	0.0000000000	0.0000000000	0.0002042359
ASV1737	6.8e-05	0.0000000000	0.0000000000	0.0002042359
ASV1738	6.8e-05	0.0000000000	0.0000000000	0.0002042359
ASV1739	6.8e-05	0.0000000000	0.0000000000	0.0002042359
ASV1740	6.5e-05	0.0000000000	0.0000000000	0.0001953362
ASV1741	6.5e-05	0.0000000000	0.0000000000	0.0001953362
ASV1742	6.3e-05	0.0000000000	0.0000000000	0.0001898578
ASV1743	6.5e-05	0.0000000000	0.0000000000	0.0001953362
ASV1744	6.3e-05	0.0000000000	0.0000000000	0.0001898578
ASV1745	6.3e-05	0.0000000000	0.0000000000	0.0001898578
ASV1746	6.8e-05	0.0000000000	0.0000000000	0.0002042359
ASV1747	6.3e-05	0.0000000000	0.0000000000	0.0001898578
ASV1748	6.3e-05	0.0000000000	0.0000000000	0.0001898578
ASV1749	6.3e-05	0.0000000000	0.0000000000	0.0001898578
ASV1750	6.3e-05	0.0000000000	0.0000000000	0.0001898578
ASV1751	6.3e-05	0.0000000000	0.0000000000	0.0001898578
ASV1752	6.3e-05	0.0000000000	0.0000000000	0.0001898578
ASV1753	6.3e-05	0.0000000000	0.0000000000	0.0001898578
ASV1754	6.3e-05	0.0000000000	0.0000000000	0.0001898578
ASV1755	6.5e-05	0.0000000000	0.0000000000	0.0001953362
ASV1756	6.3e-05	0.0000000000	0.0000000000	0.0001898578
ASV1757	6.1e-05	0.0000000000	0.0000000000	0.0001827205
ASV1758	6.1e-05	0.0000000000	0.0000000000	0.0001827205
ASV1759	6.1e-05	0.0000000000	0.0000000000	0.0001827205
ASV1760	6.1e-05	0.0000000000	0.0000000000	0.0001827205
ASV1761	6.1e-05	0.0000000000	0.0000000000	0.0001827205
ASV1762	6.1e-05	0.0000000000	0.0000000000	0.0001827205
ASV1763	6.1e-05	0.0000000000	0.0000000000	0.0001827205
ASV1764	6.1e-05	0.0000000000	0.0000000000	0.0001827205
ASV1765	6.1e-05	0.0000000000	0.0000000000	0.0001827205
ASV1766	6.8e-05	0.0000000000	0.0000000000	0.0002042359
ASV1767	7.7e-05	0.000229958	0.000000000	0.000000000
ASV1768	6.8e-05	0.0000000000	0.0000000000	0.0002042359
ASV1769	7.1e-05	0.0000000000	0.0002142162	0.0000000000
ASV1770	6.4e-05	0.0000000000	0.0001915643	0.0000000000
ASV1771	6.6e-05	0.0000000000	0.0001966847	0.0000000000
ASV1772	6.6e-05	0.0000000000	0.0001966847	0.0000000000
ASV1773	6.6e-05	0.0000000000	0.0001966847	0.0000000000
ASV1774	6.6e-05	0.0000000000	0.0001966847	0.0000000000
ASV1775	6.6e-05	0.0000000000	0.0001966847	0.0000000000
ASV1776	6.6e-05	0.0000000000	0.0001966847	0.0000000000
ASV1777	6.7e-05	0.0000000000	0.0001997683	0.0000000000
ASV1778	6.9e-05	0.0000000000	0.0002068928	0.0000000000
ASV1779	7.1e-05	0.0000000000	0.0002142162	0.0000000000
ASV1780	7.1e-05	0.0000000000	0.0002142162	0.0000000000
ASV1781	0.000205	0.0006142355	0.0000000000	0.0000000000
ASV1782	7.1e-05	0.0000000000	0.0002142162	0.0000000000
ASV1783	7.1e-05	0.0000000000	0.0002142162	0.0000000000
ASV1784	7.1e-05	0.0000000000	0.0002142162	0.0000000000
ASV1785	7.1e-05	0.0000000000	0.0002142162	0.0000000000
ASV1786	7.1e-05	0.0000000000	0.0002142162	0.0000000000
ASV1787	7.1e-05	0.0000000000	0.0002142162	0.0000000000
ASV1788	7.1e-05	0.0000000000	0.0002142162	0.0000000000
ASV1789	7.1e-05	0.0000000000	0.0002142162	0.0000000000
ASV1790	7.1e-05	0.0000000000	0.0002142162	0.0000000000
ASV1791	6.4e-05	0.0000000000	0.0001915643	0.0000000000
ASV1792	6.4e-05	0.0000000000	0.0001915643	0.0000000000
ASV1793	6.4e-05	0.0000000000	0.0001915643	0.0000000000
ASV1794	7.7e-05	0.000229958	0.000000000	0.000000000
ASV1795	7.7e-05	0.000230639	0.000000000	0.000000000
ASV1796	6e-05	0.0001794855	0.0000000000	0.0000000000
ASV1797	5.8e-05	0.0001745749	0.0000000000	0.0000000000
ASV1798	5.8e-05	0.0001745749	0.0000000000	0.0000000000
ASV1799	5.8e-05	0.0001745749	0.0000000000	0.0000000000
ASV1800	5.8e-05	0.0001745749	0.0000000000	0.0000000000
ASV1801	5.8e-05	0.0001745749	0.0000000000	0.0000000000
ASV1802	5.8e-05	0.0001745749	0.0000000000	0.0000000000
ASV1803	5.8e-05	0.000175446	0.000000000	0.000000000
ASV1804	5.8e-05	0.000175446	0.000000000	0.000000000
ASV1805	5.8e-05	0.000175446	0.000000000	0.000000000
ASV1806	5.8e-05	0.000175446	0.000000000	0.000000000
ASV1807	5.8e-05	0.000175446	0.000000000	0.000000000
ASV1808	7.7e-05	0.000229958	0.000000000	0.000000000
ASV1809	7.7e-05	0.000229958	0.000000000	0.000000000
ASV1810	7.7e-05	0.000229958	0.000000000	0.000000000
ASV1811	7.7e-05	0.000229958	0.000000000	0.000000000
ASV1812	7.7e-05	0.000229958	0.000000000	0.000000000
ASV1813	7.7e-05	0.000229958	0.000000000	0.000000000
ASV1814	7.7e-05	0.000229958	0.000000000	0.000000000
ASV1815	7.7e-05	0.000229958	0.000000000	0.000000000
ASV1816	6.2e-05	0.0000000000	0.0000000000	0.0001847582
ASV1996	4.8e-05	0.0000000000	0.0001438059	0.0000000000
ASV2314	6e-05	0.0000000000	0.0000000000	0.0001792982
ASV2499	5.6e-05	0.0001676356	0.0000000000	0.0000000000
ASV2500	5.8e-05	0.000173234	0.000000000	0.000000000
ASV2501	5.8e-05	0.000173234	0.000000000	0.000000000
ASV2502	5.8e-05	0.000173234	0.000000000	0.000000000
ASV2503	5.8e-05	0.000173234	0.000000000	0.000000000
ASV2504	5.7e-05	0.0001704978	0.0000000000	0.0000000000
ASV2505	5.7e-05	0.0001704978	0.0000000000	0.0000000000
ASV2506	5.6e-05	0.0001676356	0.0000000000	0.0000000000
ASV2507	5.2e-05	0.0001565033	0.0000000000	0.0000000000
ASV2508	5.6e-05	0.0001676356	0.0000000000	0.0000000000
ASV2509	5.2e-05	0.0001565033	0.0000000000	0.0000000000
ASV2510	5.2e-05	0.0001565033	0.0000000000	0.0000000000
ASV2511	5.2e-05	0.0001565033	0.0000000000	0.0000000000
ASV2512	5.2e-05	0.0001565033	0.0000000000	0.0000000000
ASV2517	5.1e-05	0.0000000000	0.0000000000	0.0001527091
ASV2518	5.8e-05	0.000173234	0.000000000	0.000000000
ASV2520	5.1e-05	0.0000000000	0.0000000000	0.0001527091
ASV2521	5.1e-05	0.0000000000	0.0000000000	0.0001527091
ASV2522	5.1e-05	0.0000000000	0.0000000000	0.0001527091
ASV2523	5.4e-05	0.0000000000	0.0000000000	0.0001621871
ASV2524	5.4e-05	0.0000000000	0.0000000000	0.0001621871
ASV2525	5.3e-05	0.0000000000	0.0000000000	0.0001603273
ASV2526	5.3e-05	0.0000000000	0.0000000000	0.0001603273
ASV2527	5.7e-05	0.0000000000	0.0000000000	0.0001697735
ASV2528	5.7e-05	0.0000000000	0.0000000000	0.0001697735
ASV2529	5.7e-05	0.0000000000	0.0000000000	0.0001697735
ASV2536	5.3e-05	0.0000000000	0.0001602056	0.0000000000
ASV2559	5.6e-05	0.0000000000	0.0001683655	0.0000000000
ASV2566	5.6e-05	0.0000000000	0.0001689081	0.0000000000
ASV2567	5.6e-05	0.0000000000	0.0001689081	0.0000000000
ASV2568	5.6e-05	0.0000000000	0.0001683655	0.0000000000
ASV2569	5.6e-05	0.0000000000	0.0001683655	0.0000000000
ASV2570	5.6e-05	0.0000000000	0.0001683655	0.0000000000
ASV2571	5.6e-05	0.0000000000	0.0001683655	0.0000000000
ASV2572	4.8e-05	0.0000000000	0.0001427491	0.0000000000
ASV2573	5.4e-05	0.0000000000	0.0001617966	0.0000000000
ASV2574	4.8e-05	0.0000000000	0.0001438059	0.0000000000
ASV2575	5.3e-05	0.0000000000	0.0001602056	0.0000000000
ASV2576	5.3e-05	0.0000000000	0.0001602056	0.0000000000
ASV2577	5.1e-05	0.0000000000	0.0000000000	0.0001527091
