OTUID	All	CW	OW	PW
ASV0	37.69925	28.71144	51.65696	32.72935
ASV2	15.947146	47.0466969	 0.5244004	 0.2703394
ASV4	6.728355	 1.036816	 2.765242	16.383007
ASV3	4.771072	 2.8689859	 0.2529353	11.1912953
ASV1	4.178906	3.023846	4.753370	4.759501
ASV6	4.13132	 0.2955127	11.7243188	 0.3741272
ASV7	3.826383	3.440089	7.005107	1.033952
ASV8	3.892066	0.3792056	1.6366453	9.6603457
ASV9	2.756152	0.3225181237	7.9455501582	0.0003887224
ASV11	1.452317	0.192960	1.168947	2.995046
ASV17	1.212454	1.6843253	1.7252039	0.2278328
ASV10	1.223959	0.3577116	0.4626118	2.8515527
ASV5	1.059137	1.154297	0.190575	1.832538
ASV12	0.976873	0.5304277	0.7642243	1.6359661
ASV14	0.778989	2.29220698	0.04476132	0.00000000
ASV13	0.666767	0.002285883	0.016267961	1.981746061
ASV20	0.563143	0.1365949	0.7704658	0.7823695
ASV15	0.587433	0.04229501	0.17451246	1.54549083
ASV24	0.500428	1.44360055	0.03725238	0.02043167
ASV16	0.50529	0.18242767	0.03441101	1.29903133
ASV18	0.502851	0.04874822	0.67559793	0.78420740
ASV1817	0.439484	0.01120185	0.00000000	1.30724946
ASV827	0.374767	0.97852493	0.08379781	0.06197703
ASV19	0.444057	0.99511027	0.03149814	0.30556268
ASV21	0.325362	0.01544095	0.00000000	0.96064520
ASV23	0.317489	0.007520552	0.006023010	0.938924125
ASV25	0.279325	0.1162095	0.4460449	0.2757192
ASV34	0.228957	0.03873868	0.55292547	0.09520565
ASV40	0.193628	0.03211357	0.54877022	0.00000000
ASV32	0.209929	0.112051899	0.508841420	0.008893679
ASV33	0.212411	0.637233	0.000000	0.000000
ASV31	0.205001	0.0000000	0.1019994	0.5130044
ASV37	0.150494	0.336291976	0.110847304	0.004344029
ASV29	0.146637	0.00534586	0.05866934	0.37589639
ASV22	0.123948	0.20232563	0.15709517	0.01242244
ASV51	0.090211	0.01515013	0.25548271	0.00000000
ASV38	0.094433	0.021474698	0.252316517	0.009507863
ASV36	0.096541	0.0000000000	0.0004824429	0.2891401801
ASV35	0.080329	0.00000000	0.20980701	0.03118032
ASV28	0.082744	0.007626413	0.007379559	0.233226795
ASV42	0.075205	0.07002883	0.02037592	0.13521003
ASV45	0.080837	0.001065791	0.000000000	0.241444373
ASV46	0.066587	0.001202588	0.198559692	0.000000000
ASV44	0.06778	0.01600958	0.18732967	0.00000000
ASV41	0.063151	0.00560805	0.16185022	0.02199596
ASV61	0.061315	0.000000	0.000000	0.183944
ASV43	0.062379	0.00000000	0.02006784	0.16706946
ASV53	0.045198	0.1076420178	0.0271355367	0.0008154744
ASV48	0.044785	0.000854416	0.133499205	0.000000000
ASV47	0.043322	0.002776852	0.127188375	0.000000000
ASV75	0.042596	0.005593602	0.000000000	0.122193658
ASV52	0.036131	0.004113853	0.104280101	0.000000000
ASV50	0.038635	0.00000000	0.08925753	0.02664601
ASV64	0.035655	0.01770236	0.05705421	0.03220952
ASV57	0.034141	0.00000000	0.03485523	0.06756641
ASV99	0.031355	0.029830693	0.003105036	0.061130214
ASV71	0.028193	0.002571202	0.082006615	0.000000000
ASV80	0.027584	0.02348636	0.05926515	0.00000000
ASV54	0.032108	0.004287347	0.000000000	0.092035969
ASV39	0.028718	0.0737657643	0.0117671609	0.0006218209
ASV56	0.026106	0.076800879	0.001516236	0.000000000
ASV239	0.024219	0.00000000	0.00000000	0.07265755
ASV55	0.025616	0.00000000	0.00000000	0.07684727
ASV828	0.019838	0.057573414	0.001940223	0.000000000
ASV58	0.023755	0.007575246	0.063689313	0.000000000
ASV49	0.022866	0.003913464	0.001679089	0.063006256
ASV835	0.017888	0.052094221	0.001569892	0.000000000
ASV27	0.016692	0.031801063	0.015798510	0.002477062
ASV221	0.014544	0.00103079	0.04260090	0.00000000
ASV60	0.017605	0.044099780	0.008714248	0.000000000
ASV59	0.017141	0.012346792	0.032668564	0.006408978
ASV823	0.013379	0.006300694	0.033836970	0.000000000
ASV67	0.016348	0.0007760119	0.0000000000	0.0482681502
ASV1822	0.011898	0.03569398	0.00000000	0.00000000
ASV63	0.014453	0.00000000	0.00000000	0.04336027
ASV62	0.013606	0.00000000	0.00217501	0.03864352
ASV97	0.012178	0.03653362	0.00000000	0.00000000
ASV94	0.012025	0.00000000	0.00000000	0.03607584
ASV155	0.010682	0.01049286	0.02155442	0.00000000
ASV76	0.01173	0.032507861	0.002680866	0.000000000
ASV69	0.012332	0.005717391	0.031278434	0.000000000
ASV66	0.011669	0.00000000	0.03500697	0.00000000
ASV121	0.010496	0.0292006069	0.0009769233	0.0013101458
ASV82	0.011402	0.01054800	0.02365875	0.00000000
ASV824	0.008382	0.007049228	0.016738721	0.001359124
ASV72	0.009668	0.0000000	0.0290048	0.0000000
ASV1832	0.008217	0.02465066	0.00000000	0.00000000
ASV77	0.009638	0.01283350	0.01608113	0.00000000
ASV68	0.009266	0.00107275	0.02672487	0.00000000
ASV78	0.009807	0.00000000	0.00000000	0.02942182
ASV74	0.00963	0.00000000	0.00000000	0.02888992
ASV26	0.008748	0.01910416	0.00713872	0.00000000
ASV73	0.008521	0.020307005	0.005256284	0.000000000
ASV79	0.008099	0.000000000	0.007954573	0.016342020
ASV83	0.008011	0.00000000	0.02403386	0.00000000
ASV95	0.007425	0.0000000	0.0000000	0.0222751
ASV85	0.007542	0.00000000	0.02262669	0.00000000
ASV88	0.00737	0.018445735	0.003663249	0.000000000
ASV86	0.008297	0.00000000	0.00000000	0.02488995
ASV90	0.007036	0.0204091369	0.0006984801	0.0000000000
ASV92	0.00692	0.02075931	0.00000000	0.00000000
ASV70	0.006419	0.003528724	0.015728987	0.000000000
ASV87	0.006219	0.00000000	0.01865829	0.00000000
ASV1830	0.005079	0.003128095	0.012110365	0.000000000
ASV89	0.006963	0.00000000	0.00000000	0.02088852
ASV91	0.005908	0.01772426	0.00000000	0.00000000
ASV1869	0.004547	0.007361153	0.006279566	0.000000000
ASV96	0.004968	0.00000000	0.01490287	0.00000000
ASV861	0.004123	0.01236948	0.00000000	0.00000000
ASV93	0.005087	0.00000000	0.00000000	0.01526242
ASV826	0.004618	0.0006217116	0.0000000000	0.0132333734
ASV123	0.004325	0.006390382	0.001019436	0.005566567
ASV226	0.003858	0.002833532	0.008739129	0.000000000
ASV84	0.004201	0.004612823	0.007990859	0.000000000
ASV30	0.004249	0.007107488	0.000000000	0.005639254
ASV127	0.004223	0.000000000	0.001733689	0.010934984
ASV153	0.004079	0.00000000	0.00000000	0.01223729
ASV1826	0.003575	0.0107249	0.0000000	0.0000000
ASV120	0.003751	0.01125332	0.00000000	0.00000000
ASV101	0.004116	0.00000000	0.00000000	0.01234936
ASV102	0.004095	0.00000000	0.00000000	0.01228393
ASV196	0.003237	0.0009862504	0.0087234289	0.0000000000
ASV109	0.003716	0.00000000	0.00000000	0.01114926
ASV81	0.004075	0.00000000	0.00000000	0.01222453
ASV111	0.003704	0.0002145499	0.0000000000	0.0108960751
ASV103	0.003692	0.0004016790	0.0004824429	0.0101932270
ASV105	0.00348	0.00000000	0.01044005	0.00000000
ASV106	0.003484	0.00000000	0.00000000	0.01045281
ASV122	0.003191	0.006871258	0.002702529	0.000000000
ASV220	0.003108	0.000000000	0.002035425	0.007288545
ASV136	0.003203	0.000000000	0.005448180	0.004161465
ASV108	0.003395	0.00000000	0.00000000	0.01018417
ASV110	0.003254	0.000000000	0.000000000	0.009761341
ASV145	0.002974	0.000000000	0.000000000	0.008922039
ASV112	0.002696	0.000000000	0.008086591	0.000000000
ASV113	0.002801	0.008401776	0.000000000	0.000000000
ASV114	0.002888	0.000000000	0.000000000	0.008664561
ASV874	0.002271	0.00681166	0.00000000	0.00000000
ASV115	0.002928	0.000000000	0.000000000	0.008784192
ASV142	0.00258	0.007738972	0.000000000	0.000000000
ASV1926	0.002174	0.000000000	0.006522296	0.000000000
ASV116	0.002705	0.000000000	0.000000000	0.008116171
ASV118	0.002595	0.000000000	0.005816394	0.001969100
ASV117	0.002669	0.000000000	0.000000000	0.008006493
ASV1946	0.001888	0.00000000	0.00566545	0.00000000
ASV1947	0.001888	0.00000000	0.00566545	0.00000000
ASV1948	0.002064	0.00000000	0.00619235	0.00000000
ASV119	0.002523	0.000000000	0.000000000	0.007567781
ASV125	0.00227	0.000000000	0.005831553	0.000979931
ASV177	0.002008	0.000000000	0.006023239	0.000000000
ASV124	0.00234	0.000000000	0.000000000	0.007019391
ASV126	0.002244	0.000640812	0.006090028	0.000000000
ASV1966	0.001578	0.000000000	0.004734143	0.000000000
ASV128	0.002008	0.006025185	0.000000000	0.000000000
ASV129	0.002008	0.006025185	0.000000000	0.000000000
ASV130	0.002374	0.000000000	0.000000000	0.007121087
ASV1970	0.001744	0.000000000	0.005232972	0.000000000
ASV65	0.001911	0.000000000	0.000000000	0.005733655
ASV131	0.00206	0.006178747	0.000000000	0.000000000
ASV1971	0.001715	0.000000000	0.005145756	0.000000000
ASV134	0.001945	0.000000000	0.005835046	0.000000000
ASV133	0.001934	0.00000000	0.00580096	0.00000000
ASV197	0.001927	0.002671716	0.000000000	0.003109779
ASV1850	0.001638	0.004914742	0.000000000	0.000000000
ASV1976	0.001628	0.000000000	0.004884107	0.000000000
ASV822	0.001916	0.000000000	0.000000000	0.005747129
ASV1981	0.001599	0.000000000	0.004796891	0.000000000
ASV1986	0.001518	0.004552654	0.000000000	0.000000000
ASV135	0.001901	0.000000000	0.000000000	0.005703255
ASV1988	0.001512	0.000000000	0.004535242	0.000000000
ASV1982	0.001319	0.000000000	0.003958054	0.000000000
ASV140	0.001677	0.000000000	0.005029541	0.000000000
ASV141	0.001791	0.000000000	0.000000000	0.005374221
ASV143	0.001791	0.000000000	0.000000000	0.005371868
ASV144	0.001899	0.00000000	0.00000000	0.00569687
ASV1960	0.001411	0.0036233068	0.0006105134	0.0000000000
ASV146	0.001714	0.0000000000	0.0002052874	0.0049355093
ASV147	0.001608	0.000000000	0.004824253	0.000000000
ASV1907	0.001216	0.000000000	0.003647618	0.000000000
ASV1995	0.001371	0.004111984	0.000000000	0.000000000
ASV149	0.001638	0.0000000000	0.0003079311	0.0046064754
ASV150	0.001609	0.004827373	0.000000000	0.000000000
ASV152	0.001609	0.000000000	0.000000000	0.004825831
ASV345	0.00125	0.0005535382	0.0031979481	0.0000000000
ASV1996	0.001239	0.000000000	0.003715978	0.000000000
ASV154	0.001604	0.000000000	0.000000000	0.004812298
ASV2002	0.00125	0.000000000	0.003750297	0.000000000
ASV156	0.001451	0.000000000	0.001196256	0.003157555
ASV157	0.001425	0.004275042	0.000000000	0.000000000
ASV164	0.001343	0.000601294	0.001342861	0.002083882
ASV1882	0.001111	0.000000000	0.003332206	0.000000000
ASV2009	0.001111	0.000000000	0.003332206	0.000000000
ASV159	0.001379	0.000000000	0.000000000	0.004137486
ASV160	0.001289	0.000000000	0.003867307	0.000000000
ASV185	0.001342	0.002576722	0.000000000	0.001449978
ASV306	0.001153	0.0004290998	0.0030286215	0.0000000000
ASV2014	0.001255	0.000000000	0.000000000	0.003765135
ASV2015	0.001231	0.000000000	0.000000000	0.003692863
ASV2019	0.001074	0.000000000	0.003223064	0.000000000
ASV483	0.001116	0.00334745	0.00000000	0.00000000
ASV163	0.001221	0.000000000	0.003663764	0.000000000
ASV332	0.001142	0.000000000	0.000000000	0.003426354
ASV2022	0.001188	0.000000000	0.000000000	0.003564006
ASV104	0.001102	0.000000000	0.002219238	0.001087299
ASV165	0.001126	0.000000000	0.003377101	0.000000000
ASV166	0.001194	0.000000000	0.003581275	0.000000000
ASV167	0.001185	0.000000000	0.003555058	0.000000000
ASV168	0.001198	0.000000000	0.003592529	0.000000000
ASV169	0.0013	0.000207132	0.000000000	0.003693159
ASV171	0.001306	0.000000000	0.000000000	0.003916987
ASV255	0.001082	0.000000000	0.003247272	0.000000000
ASV527	0.001038	0.000000000	0.003114277	0.000000000
ASV172	0.001261	0.000000000	0.000000000	0.003782867
ASV472	0.000973	0.000000000	0.002919196	0.000000000
ASV2028	0.001007	0.000000000	0.003019581	0.000000000
ASV151	0.001196	0.000000000	0.000000000	0.003589415
ASV2029	0.000854	0.000000000	0.002561094	0.000000000
ASV2031	0.000977	0.002930926	0.000000000	0.000000000
ASV174	0.00117	0.000000000	0.000000000	0.003509696
ASV175	0.001086	0.000000000	0.003256679	0.000000000
ASV2033	0.000896	0.000000000	0.002687251	0.000000000
ASV178	0.001045	0.000000000	0.003133554	0.000000000
ASV2041	0.000939	0.0025831783	0.0002328267	0.0000000000
ASV180	0.001088	0.000000000	0.003262515	0.000000000
ASV181	0.001036	0.00310698	0.00000000	0.00000000
ASV183	0.001119	0.000000000	0.000000000	0.003357417
ASV825	0.000843	0.000000000	0.002527892	0.000000000
ASV2003	0.000888	0.002664478	0.000000000	0.000000000
ASV2043	0.000862	0.002586706	0.000000000	0.000000000
ASV184	0.000984	0.000000000	0.002951366	0.000000000
ASV297	0.000973	0.000000000	0.000000000	0.002920228
ASV2050	0.000858	0.002574408	0.000000000	0.000000000
ASV2051	0.000859	0.002575662	0.000000000	0.000000000
ASV186	0.000952	0.000000000	0.002855488	0.000000000
ASV187	0.001024	0.000000000	0.000000000	0.003070984
ASV188	0.001015	0.000000000	0.003045014	0.000000000
ASV189	0.00095	0.000000000	0.002849594	0.000000000
ASV2054	0.000846	0.000000000	0.000000000	0.002537032
ASV190	0.000987	0.000000000	0.000000000	0.002961306
ASV191	0.00098	0.000000000	0.000000000	0.002939793
ASV213	0.000907	0.001388426	0.001333797	0.000000000
ASV276	0.00094	0.000000000	0.000000000	0.002821495
ASV641	0.000776	0.000000000	0.002327914	0.000000000
ASV2058	0.000785	0.000000000	0.002354837	0.000000000
ASV2059	0.000799	0.002396039	0.000000000	0.000000000
ASV182	0.001017	0.000000000	0.000000000	0.003051514
ASV193	0.000836	0.000000000	0.002508703	0.000000000
ASV194	0.000882	0.000000000	0.002646052	0.000000000
ASV253	0.000888	0.0005368171	0.0007748670	0.0013528166
ASV324	0.00079	0.000000000	0.002368977	0.000000000
ASV2060	0.000747	0.002241812	0.000000000	0.000000000
ASV2064	0.000747	0.002241812	0.000000000	0.000000000
ASV1872	0.000704	0.000000000	0.002111351	0.000000000
ASV200	0.000895	0.000000000	0.000000000	0.002685934
ASV201	0.000871	0.000000000	0.000000000	0.002613149
ASV202	0.000814	0.000000000	0.002442509	0.000000000
ASV203	0.000816	0.000000000	0.002447561	0.000000000
ASV204	0.000816	0.000000000	0.002447561	0.000000000
ASV2074	0.00069	0.002069365	0.000000000	0.000000000
ASV205	0.00078	0.000000000	0.002340738	0.000000000
ASV206	0.000782	0.000000000	0.002345579	0.000000000
ASV207	0.000823	0.002469358	0.000000000	0.000000000
ASV208	0.00082	0.002460704	0.000000000	0.000000000
ASV210	0.000858	0.00000000	0.00000000	0.00257402
ASV216	0.000835	0.000000000	0.000000000	0.002504969
ASV2081	0.000595	0.000000000	0.001785005	0.000000000
ASV211	0.000748	0.000000000	0.002243598	0.000000000
ASV212	0.000753	0.000000000	0.002258161	0.000000000
ASV2082	0.00064	0.000000000	0.001918756	0.000000000
ASV2084	0.000651	0.001952328	0.000000000	0.000000000
ASV215	0.000768	0.000000000	0.000000000	0.002303238
ASV218	0.000749	0.002246729	0.000000000	0.000000000
ASV219	0.000752	0.002254632	0.000000000	0.000000000
ASV845	0.000591	0.000000000	0.001773535	0.000000000
ASV2089	0.000694	0.000000000	0.000000000	0.002080732
ASV2090	0.000694	0.000000000	0.000000000	0.002080732
ASV2094	0.000543	0.000000000	0.001629787	0.000000000
ASV2095	0.000604	0.001810694	0.000000000	0.000000000
ASV223	0.000746	0.000000000	0.000000000	0.002238278
ASV224	0.000731	0.00000000	0.00000000	0.00219356
ASV394	0.000597	0.000000000	0.001790016	0.000000000
ASV1819	0.000604	0.000000000	0.000000000	0.001812165
ASV2098	0.00066	0.000000000	0.000000000	0.001978686
ASV2099	0.000573	0.001717983	0.000000000	0.000000000
ASV2103	0.000563	0.000000000	0.001689081	0.000000000
ASV2104	0.000517	0.000000000	0.001552178	0.000000000
ASV2105	0.000581	0.000000000	0.001744324	0.000000000
ASV225	0.000645	0.000000000	0.001933653	0.000000000
ASV228	0.000645	0.000000000	0.001933653	0.000000000
ASV229	0.000645	0.000000000	0.001933653	0.000000000
ASV230	0.000689	0.00000000	0.00206626	0.00000000
ASV838	0.000615	0.000000000	0.000000000	0.001846431
ASV843	0.000541	0.000000000	0.001623382	0.000000000
ASV231	0.000616	0.000000000	0.001847586	0.000000000
ASV232	0.000612	0.000000000	0.001835671	0.000000000
ASV233	0.000612	0.000000000	0.001835671	0.000000000
ASV237	0.000671	0.00000000	0.00000000	0.00201445
ASV238	0.000671	0.00000000	0.00000000	0.00201445
ASV2110	0.000544	0.000000000	0.000000000	0.001630949
ASV2117	0.000507	0.000000000	0.001520173	0.000000000
ASV2118	0.000466	0.00000000	0.00139696	0.00000000
ASV241	0.000622	0.000000000	0.000000000	0.001864526
ASV242	0.000627	0.000000000	0.000000000	0.001879902
ASV243	0.000577	0.000000000	0.001730111	0.000000000
ASV244	0.000608	0.001825178	0.000000000	0.000000000
ASV245	0.000547	0.000000000	0.001640306	0.000000000
ASV246	0.000573	0.000000000	0.001718401	0.000000000
ASV2126	0.000476	0.000000000	0.001427602	0.000000000
ASV247	0.000547	0.000000000	0.001642299	0.000000000
ASV248	0.000581	0.0000000	0.0000000	0.0017421
ASV250	0.000536	0.001606716	0.000000000	0.000000000
ASV251	0.000544	0.000000000	0.001631707	0.000000000
ASV252	0.000539	0.000000000	0.001617318	0.000000000
ASV254	0.000547	0.000000000	0.001642299	0.000000000
ASV256	0.000515	0.000000000	0.001543817	0.000000000
ASV257	0.000515	0.000000000	0.001543817	0.000000000
ASV2130	0.000483	0.000000000	0.000000000	0.001449732
ASV2131	0.000528	0.000000000	0.000000000	0.001582948
ASV2133	0.000477	0.001429986	0.000000000	0.000000000
ASV2137	0.000465	0.000000000	0.001395459	0.000000000
ASV107	0.000508	0.0012530235	0.0000000000	0.0002718248
ASV258	0.00051	0.000000000	0.001529726	0.000000000
ASV259	0.00056	0.000000000	0.000000000	0.001678709
ASV260	0.000548	0.00000000	0.00000000	0.00164517
ASV793	0.000449	0.000213604	0.001133811	0.000000000
ASV2138	0.000486	0.000000000	0.000000000	0.001457709
ASV2139	0.000486	0.000000000	0.000000000	0.001457709
ASV2141	0.000486	0.000000000	0.000000000	0.001457709
ASV2145	0.000446	0.001338716	0.000000000	0.000000000
ASV262	0.000554	0.000000000	0.000000000	0.001661587
ASV263	0.000512	0.000000000	0.000000000	0.001535492
ASV264	0.000554	0.000000000	0.000000000	0.001661587
ASV265	0.000501	0.001503088	0.000000000	0.000000000
ASV266	0.000476	0.000000000	0.001427744	0.000000000
ASV267	0.000475	0.000000000	0.001424797	0.000000000
ASV2146	0.000401	0.001202588	0.000000000	0.000000000
ASV2148	0.000423	0.000000000	0.000000000	0.001268516
ASV2150	0.000402	0.00120713	0.00000000	0.00000000
ASV2151	0.000414	0.001243423	0.000000000	0.000000000
ASV2152	0.000414	0.001243423	0.000000000	0.000000000
ASV269	0.000472	0.000000000	0.000000000	0.001415456
ASV270	0.000514	0.000000000	0.000000000	0.001542902
ASV271	0.000475	0.000000000	0.000000000	0.001425814
ASV272	0.000475	0.000000000	0.000000000	0.001425814
ASV273	0.000475	0.000000000	0.000000000	0.001425814
ASV274	0.000477	0.000000000	0.000000000	0.001430286
ASV275	0.000485	0.000000000	0.000000000	0.001454881
ASV278	0.000418	0.000000000	0.001254352	0.000000000
ASV280	0.000464	0.001392917	0.000000000	0.000000000
ASV281	0.000465	0.001395724	0.000000000	0.000000000
ASV282	0.000442	0.000000000	0.001325762	0.000000000
ASV283	0.000442	0.000000000	0.001325762	0.000000000
ASV284	0.000445	0.000000000	0.001334368	0.000000000
ASV285	0.000445	0.000000000	0.001334368	0.000000000
ASV286	0.000441	0.000000000	0.001323026	0.000000000
ASV287	0.000449	0.001346358	0.000000000	0.000000000
ASV298	0.000469	0.000000000	0.000000000	0.001406561
ASV481	0.000403	0.000000000	0.001207638	0.000000000
ASV591	0.000452	0.00000000	0.00000000	0.00135641
ASV2155	0.000421	0.000000000	0.000000000	0.001263348
ASV2156	0.000393	0.000000000	0.000000000	0.001177908
ASV2160	0.000387	0.001161864	0.000000000	0.000000000
ASV2161	0.000429	0.000000000	0.000000000	0.001288072
ASV2166	0.000364	0.000000000	0.001091696	0.000000000
ASV288	0.000448	0.000000000	0.000000000	0.001342967
ASV289	0.000436	0.000000000	0.000000000	0.001306575
ASV290	0.000436	0.000000000	0.000000000	0.001306575
ASV291	0.000448	0.000000000	0.000000000	0.001342967
ASV294	0.000429	0.001288361	0.000000000	0.000000000
ASV2170	0.000389	0.000000000	0.000000000	0.001166167
ASV2174	0.000369	0.001107076	0.000000000	0.000000000
ASV2176	0.000354	0.001060607	0.000000000	0.000000000
ASV2177	0.000345	0.001034683	0.000000000	0.000000000
ASV2178	0.000355	0.001065791	0.000000000	0.000000000
ASV2179	0.000355	0.001065791	0.000000000	0.000000000
ASV2183	0.000342	0.000000000	0.001025294	0.000000000
ASV2184	0.000349	0.000000000	0.001046594	0.000000000
ASV295	0.000402	0.000000000	0.000000000	0.001206458
ASV299	0.00043	0.000000000	0.000000000	0.001291025
ASV300	0.00043	0.000000000	0.000000000	0.001291025
ASV301	0.000371	0.000000000	0.001111906	0.000000000
ASV303	0.000374	0.0003106980	0.0008122564	0.0000000000
ASV304	0.000374	0.000000000	0.001121799	0.000000000
ASV305	0.000376	0.000000000	0.001129081	0.000000000
ASV307	0.000392	0.001174822	0.000000000	0.000000000
ASV359	0.000409	0.000000000	0.000000000	0.001226709
ASV385	0.000375	0.000000000	0.000000000	0.001124602
ASV520	0.000373	0.000000000	0.000000000	0.001118976
ASV2186	0.000356	0.000000000	0.000000000	0.001068987
ASV2187	0.000356	0.000000000	0.000000000	0.001068987
ASV2188	0.000332	0.000000000	0.000000000	0.000996691
ASV313	0.000363	0.000000000	0.000000000	0.001088812
ASV314	0.000373	0.000000000	0.000000000	0.001119139
ASV315	0.00037	0.000000000	0.000000000	0.001110041
ASV316	0.000363	0.000000000	0.000000000	0.001088812
ASV317	0.000363	0.000000000	0.000000000	0.001088812
ASV318	0.000335	0.001004198	0.000000000	0.000000000
ASV319	0.000358	0.001073634	0.000000000	0.000000000
ASV320	0.000358	0.001073634	0.000000000	0.000000000
ASV321	0.000339	0.000000000	0.001017712	0.000000000
ASV322	0.000337	0.000000000	0.001010824	0.000000000
ASV323	0.000339	0.000000000	0.001017712	0.000000000
ASV325	0.000339	0.000000000	0.001017712	0.000000000
ASV326	0.000339	0.000000000	0.001017712	0.000000000
ASV327	0.000339	0.000000000	0.001017712	0.000000000
ASV328	0.000342	0.000000000	0.001026437	0.000000000
ASV329	0.00034	0.000000000	0.001019817	0.000000000
ASV330	0.00034	0.000000000	0.001019817	0.000000000
ASV829	0.000268	0.0000000000	0.0008049109	0.0000000000
ASV2199	0.000302	0.0000000000	0.0000000000	0.0009060827
ASV2202	0.000291	0.000000000	0.000872162	0.000000000
ASV2208	0.000296	0.0000000000	0.0008881121	0.0000000000
ASV217	0.000308	0.0000000000	0.0009237932	0.0000000000
ASV333	0.000327	0.000000000	0.000000000	0.000979931
ASV334	0.000336	0.000000000	0.000000000	0.001007225
ASV335	0.000336	0.000000000	0.000000000	0.001007225
ASV340	0.00032	0.0009612181	0.0000000000	0.0000000000
ASV341	0.000322	0.0009662707	0.0000000000	0.0000000000
ASV342	0.000306	0.0000000000	0.0009178354	0.0000000000
ASV343	0.000306	0.0000000000	0.0009178354	0.0000000000
ASV344	0.000306	0.0000000000	0.0009178354	0.0000000000
ASV346	0.000305	0.000000000	0.000915941	0.000000000
ASV347	0.00032	0.0009612181	0.0000000000	0.0000000000
ASV348	0.000289	0.0000000000	0.0008683973	0.0000000000
ASV872	0.000262	0.0000000000	0.0007849458	0.0000000000
ASV2209	0.000259	0.0007760119	0.0000000000	0.0000000000
ASV2210	0.000259	0.0007760119	0.0000000000	0.0000000000
ASV2211	0.000277	0.0008303073	0.0000000000	0.0000000000
ASV2216	0.000297	0.0000000000	0.0000000000	0.0008917425
ASV2218	0.000266	0.0007993435	0.0000000000	0.0000000000
ASV2219	0.000266	0.0007993435	0.0000000000	0.0000000000
ASV2223	0.000262	0.0000000000	0.0007849458	0.0000000000
ASV2225	0.000252	0.0000000000	0.0007557893	0.0000000000
ASV349	0.000285	0.000854416	0.000000000	0.000000000
ASV351	0.000276	0.0008285279	0.0000000000	0.0000000000
ASV355	0.000292	0.0000000000	0.0000000000	0.0008774239
ASV357	0.000298	0.0000000000	0.0000000000	0.0008953113
ASV358	0.000292	0.0000000000	0.0000000000	0.0008774239
ASV360	0.000285	0.0008558969	0.0000000000	0.0000000000
ASV361	0.000298	0.0000000000	0.0000000000	0.0008953113
ASV362	0.000286	0.0008589073	0.0000000000	0.0000000000
ASV363	0.000274	0.0000000000	0.0008211495	0.0000000000
ASV364	0.00027	0.0000000000	0.0008086591	0.0000000000
ASV365	0.00029	0.000000000	0.000870004	0.000000000
ASV366	0.000257	0.0000000000	0.0007719087	0.0000000000
ASV367	0.000271	0.0000000000	0.0008141698	0.0000000000
ASV368	0.000271	0.0000000000	0.0008141698	0.0000000000
ASV369	0.000271	0.0000000000	0.0008141698	0.0000000000
ASV370	0.000274	0.0000000000	0.0008211495	0.0000000000
ASV371	0.000272	0.0000000000	0.0008158537	0.0000000000
ASV372	0.000272	0.0000000000	0.0008158537	0.0000000000
ASV373	0.000272	0.0000000000	0.0008158537	0.0000000000
ASV374	0.000272	0.0000000000	0.0008158537	0.0000000000
ASV411	0.000238	0.000714993	0.000000000	0.000000000
ASV2231	0.000264	0.0000000000	0.0000000000	0.0007914742
ASV2232	0.000316	0.0000000000	0.0000000000	0.0009484247
ASV2233	0.000264	0.00000000	0.00000000	0.00079266
ASV2234	0.000259	0.0000000000	0.0000000000	0.0007774448
ASV2241	0.000264	0.0000000000	0.0000000000	0.0007914742
ASV2242	0.000264	0.0000000000	0.0000000000	0.0007914742
ASV2244	0.000264	0.0000000000	0.0000000000	0.0007914742
ASV2245	0.000233	0.0000000000	0.0006977296	0.0000000000
ASV2246	0.000225	0.0000000000	0.0006756323	0.0000000000
ASV2248	0.000233	0.0000000000	0.0006977296	0.0000000000
ASV2250	0.000229	0.0006871931	0.0000000000	0.0000000000
ASV2252	0.00023	0.0006897884	0.0000000000	0.0000000000
ASV2253	0.000246	0.000738051	0.000000000	0.000000000
ASV375	0.000256	0.0000000000	0.0000000000	0.0007677459
ASV377	0.000274	0.0000000000	0.0000000000	0.0008215615
ASV378	0.000256	0.0000000000	0.0000000000	0.0007677459
ASV379	0.000256	0.0000000000	0.0000000000	0.0007677459
ASV380	0.000256	0.0000000000	0.0000000000	0.0007677459
ASV381	0.000254	0.0000000000	0.0000000000	0.0007621686
ASV382	0.000277	0.0000000000	0.0000000000	0.0008307935
ASV383	0.000254	0.0000000000	0.0000000000	0.0007621686
ASV384	0.000254	0.0000000000	0.0000000000	0.0007621686
ASV386	0.000254	0.0000000000	0.0000000000	0.0007621686
ASV391	0.000238	0.000000000	0.000713872	0.000000000
ASV393	0.000225	0.0000000000	0.0006754201	0.0000000000
ASV395	0.000237	0.0000000000	0.0007123986	0.0000000000
ASV396	0.000237	0.0000000000	0.0007123986	0.0000000000
ASV397	0.000238	0.000000000	0.000713872	0.000000000
ASV398	0.000237	0.0000000000	0.0007123986	0.0000000000
ASV399	0.000238	0.000000000	0.000713872	0.000000000
ASV400	0.000238	0.000000000	0.000713872	0.000000000
ASV401	0.000236	0.0000000000	0.0007075767	0.0000000000
ASV402	0.000251	0.0007515439	0.0000000000	0.0000000000
ASV403	0.00025	0.0007489098	0.0000000000	0.0000000000
ASV404	0.00025	0.0007489098	0.0000000000	0.0000000000
ASV2258	0.000227	0.0000000000	0.0000000000	0.0006802642
ASV2264	0.000207	0.0006217116	0.0000000000	0.0000000000
ASV2265	0.000207	0.0006217116	0.0000000000	0.0000000000
ASV2266	0.000207	0.0006211952	0.0000000000	0.0000000000
ASV2267	0.000207	0.0006217116	0.0000000000	0.0000000000
ASV2268	0.000199	0.0000000000	0.0005980882	0.0000000000
ASV2270	0.000204	0.0000000000	0.0006105134	0.0000000000
ASV2271	0.000204	0.0000000000	0.0006105134	0.0000000000
ASV2272	0.000204	0.0000000000	0.0006105134	0.0000000000
ASV2273	0.000181	0.0000000000	0.0005432623	0.0000000000
ASV2274	0.000196	0.0000000000	0.0005878362	0.0000000000
ASV2279	0.000204	0.0000000000	0.0006105134	0.0000000000
ASV405	0.000224	0.0000000000	0.0000000000	0.0006714834
ASV412	0.000224	0.0000000000	0.0000000000	0.0006714834
ASV413	0.000218	0.0000000000	0.0000000000	0.0006532873
ASV414	0.000224	0.0000000000	0.0000000000	0.0006714834
ASV415	0.000219	0.0000000000	0.0000000000	0.0006580679
ASV417	0.000219	0.0000000000	0.0000000000	0.0006580679
ASV418	0.000218	0.0000000000	0.0000000000	0.0006532873
ASV419	0.000218	0.0000000000	0.0000000000	0.0006532873
ASV420	0.000218	0.0000000000	0.0000000000	0.0006532873
ASV421	0.000218	0.0000000000	0.0000000000	0.0006532873
ASV423	0.000208	0.0002145499	0.0004105748	0.0000000000
ASV424	0.000207	0.0006213959	0.0000000000	0.0000000000
ASV425	0.000204	0.0000000000	0.0006118903	0.0000000000
ASV426	0.000214	0.000640812	0.000000000	0.000000000
ASV427	0.000193	0.0000000000	0.0005789315	0.0000000000
ASV428	0.000204	0.0000000000	0.0006106274	0.0000000000
ASV429	0.000204	0.0000000000	0.0006106274	0.0000000000
ASV430	0.000205	0.0000000000	0.0006158621	0.0000000000
ASV431	0.000205	0.0000000000	0.0006158621	0.0000000000
ASV432	0.000204	0.0000000000	0.0006118903	0.0000000000
ASV433	0.000204	0.0000000000	0.0006106274	0.0000000000
ASV434	0.000204	0.0000000000	0.0006118903	0.0000000000
ASV435	0.000204	0.0000000000	0.0006118903	0.0000000000
ASV436	0.000202	0.0000000000	0.0006064943	0.0000000000
ASV437	0.000202	0.0000000000	0.0006064943	0.0000000000
ASV438	0.000202	0.0000000000	0.0006064943	0.0000000000
ASV439	0.000215	0.0006441805	0.0000000000	0.0000000000
ASV440	0.000214	0.000640812	0.000000000	0.000000000
ASV441	0.000204	0.0000000000	0.0006118903	0.0000000000
ASV839	0.000177	0.000532453	0.000000000	0.000000000
ASV2020	0.000171	0.000000000	0.000512647	0.000000000
ASV2282	0.000172	0.0005153948	0.0000000000	0.0000000000
ASV2288	0.000181	0.0000000000	0.0000000000	0.0005436496
ASV2289	0.000207	0.0000000000	0.0000000000	0.0006218209
ASV2290	0.000194	0.0000000000	0.0000000000	0.0005830836
ASV2295	0.000179	0.0005362448	0.0000000000	0.0000000000
ASV2297	0.000177	0.000532453	0.000000000	0.000000000
ASV2299	0.000172	0.0005173413	0.0000000000	0.0000000000
ASV2300	0.000168	0.0000000000	0.0005038596	0.0000000000
ASV2304	0.000171	0.000000000	0.000512647	0.000000000
ASV2306	0.000178	0.0005328956	0.0000000000	0.0000000000
ASV2309	0.000178	0.0005328956	0.0000000000	0.0000000000
ASV2310	0.000178	0.0005328956	0.0000000000	0.0000000000
ASV198	0.000173	0.0000000000	0.0000000000	0.0005181841
ASV277	0.00014	0.000000000	0.000419883	0.000000000
ASV447	0.000173	0.0005178299	0.0000000000	0.0000000000
ASV453	0.000183	0.0000000000	0.0000000000	0.0005483899
ASV454	0.000187	0.0000000000	0.0000000000	0.0005595695
ASV455	0.000187	0.0000000000	0.0000000000	0.0005595695
ASV456	0.000187	0.0000000000	0.0000000000	0.0005595695
ASV457	0.000187	0.0000000000	0.0000000000	0.0005595695
ASV458	0.000183	0.0000000000	0.0000000000	0.0005504038
ASV459	0.000183	0.0000000000	0.0000000000	0.0005483899
ASV460	0.000183	0.0000000000	0.0000000000	0.0005483899
ASV461	0.000183	0.0000000000	0.0000000000	0.0005483899
ASV462	0.000173	0.0005178299	0.0000000000	0.0000000000
ASV463	0.000183	0.0000000000	0.0000000000	0.0005483899
ASV464	0.000181	0.0000000000	0.0000000000	0.0005444061
ASV465	0.000173	0.0005178299	0.0000000000	0.0000000000
ASV467	0.000178	0.0005349356	0.0000000000	0.0000000000
ASV468	0.000171	0.0000000000	0.0005132185	0.0000000000
ASV469	0.000178	0.0005349356	0.0000000000	0.0000000000
ASV470	0.000181	0.0000000000	0.0005437525	0.0000000000
ASV471	0.000181	0.0000000000	0.0005437525	0.0000000000
ASV473	0.000161	0.0000000000	0.0004824429	0.0000000000
ASV474	0.00017	0.0000000000	0.0005088561	0.0000000000
ASV475	0.00017	0.0000000000	0.0005088561	0.0000000000
ASV476	0.00017	0.0000000000	0.0005088561	0.0000000000
ASV477	0.00017	0.0000000000	0.0005088561	0.0000000000
ASV478	0.000171	0.0000000000	0.0005132185	0.0000000000
ASV479	0.000171	0.0000000000	0.0005132185	0.0000000000
ASV480	0.00017	0.0000000000	0.0005088561	0.0000000000
ASV482	0.000168	0.000000000	0.000505412	0.000000000
ASV484	0.00017	0.0000000000	0.0005099085	0.0000000000
ASV485	0.000179	0.0005368171	0.0000000000	0.0000000000
ASV486	0.000179	0.0005368171	0.0000000000	0.0000000000
ASV487	0.000168	0.000000000	0.000505412	0.000000000
ASV488	0.000168	0.000000000	0.000505412	0.000000000
ASV489	0.00017	0.0000000000	0.0005099085	0.0000000000
ASV490	0.00017	0.0000000000	0.0005099085	0.0000000000
ASV772	0.000153	0.0002662265	0.0001929772	0.0000000000
ASV841	0.00016	0.0000000000	0.0000000000	0.0004790985
ASV870	0.000154	0.0004612818	0.0000000000	0.0000000000
ASV2312	0.000198	0.0000000000	0.0000000000	0.0005927654
ASV2313	0.000151	0.0000000000	0.0000000000	0.0004530414
ASV2315	0.000165	0.0000000000	0.0000000000	0.0004946714
ASV2322	0.000162	0.000000000	0.000000000	0.000485903
ASV2337	0.000145	0.000000000	0.000436081	0.000000000
ASV2338	0.000145	0.000000000	0.000436081	0.000000000
ASV2339	0.000145	0.000000000	0.000436081	0.000000000
ASV2340	0.00014	0.000000000	0.000419883	0.000000000
ASV2341	0.000129	0.0000000000	0.0003880445	0.0000000000
ASV2342	0.000141	0.0000000000	0.0004222702	0.0000000000
ASV2350	0.000148	0.0004440797	0.0000000000	0.0000000000
ASV2351	0.000144	0.0004311177	0.0000000000	0.0000000000
ASV2352	0.000144	0.0004311177	0.0000000000	0.0000000000
ASV2353	0.000145	0.0004363025	0.0000000000	0.0000000000
ASV498	0.000138	0.0004142639	0.0000000000	0.0000000000
ASV502	0.000143	0.0004290998	0.0000000000	0.0000000000
ASV503	0.000143	0.0004279485	0.0000000000	0.0000000000
ASV504	0.000149	0.0000000000	0.0000000000	0.0004476556
ASV505	0.000143	0.0004279485	0.0000000000	0.0000000000
ASV507	0.000146	0.0000000000	0.0000000000	0.0004387119
ASV508	0.000149	0.0000000000	0.0000000000	0.0004476556
ASV509	0.000146	0.0000000000	0.0000000000	0.0004387119
ASV510	0.000142	0.000427208	0.000000000	0.000000000
ASV511	0.000145	0.0000000000	0.0000000000	0.0004355249
ASV512	0.000145	0.0000000000	0.0000000000	0.0004355249
ASV513	0.000158	0.0000000000	0.0000000000	0.0004747391
ASV514	0.000158	0.0000000000	0.0000000000	0.0004747391
ASV515	0.000146	0.0000000000	0.0000000000	0.0004387119
ASV516	0.000146	0.0000000000	0.0000000000	0.0004387119
ASV517	0.000149	0.0000000000	0.0000000000	0.0004476556
ASV518	0.000146	0.0000000000	0.0000000000	0.0004387119
ASV519	0.000146	0.0000000000	0.0000000000	0.0004387119
ASV521	0.000146	0.0000000000	0.0000000000	0.0004387119
ASV522	0.000146	0.0000000000	0.0000000000	0.0004387119
ASV523	0.000147	0.000000000	0.000000000	0.000440323
ASV524	0.000134	0.000401679	0.000000000	0.000000000
ASV525	0.000135	0.0000000000	0.0004043296	0.0000000000
ASV526	0.000143	0.0004294536	0.0000000000	0.0000000000
ASV528	0.000137	0.0000000000	0.0004105748	0.0000000000
ASV529	0.000137	0.0000000000	0.0004105748	0.0000000000
ASV530	0.000136	0.0000000000	0.0004070849	0.0000000000
ASV531	0.000136	0.0000000000	0.0004070849	0.0000000000
ASV532	0.000136	0.0000000000	0.0004070849	0.0000000000
ASV533	0.000136	0.0000000000	0.0004070849	0.0000000000
ASV534	0.000136	0.0000000000	0.0004070849	0.0000000000
ASV535	0.000136	0.0000000000	0.0004070849	0.0000000000
ASV536	0.000136	0.0000000000	0.0004070849	0.0000000000
ASV537	0.000129	0.0000000000	0.0003859543	0.0000000000
ASV538	0.000129	0.0000000000	0.0003859543	0.0000000000
ASV539	0.000129	0.0000000000	0.0003859543	0.0000000000
ASV540	0.000145	0.000000000	0.000435002	0.000000000
ASV541	0.000145	0.000000000	0.000435002	0.000000000
ASV542	0.000143	0.0004294536	0.0000000000	0.0000000000
ASV543	0.000137	0.0000000000	0.0004105748	0.0000000000
ASV544	0.000136	0.0000000000	0.0004070849	0.0000000000
ASV545	0.000137	0.0000000000	0.0004105748	0.0000000000
ASV546	0.000136	0.0000000000	0.0004079268	0.0000000000
ASV547	0.000143	0.0004294536	0.0000000000	0.0000000000
ASV548	0.000143	0.0004294536	0.0000000000	0.0000000000
ASV549	0.000137	0.0000000000	0.0004105748	0.0000000000
ASV550	0.000143	0.0004294536	0.0000000000	0.0000000000
ASV551	0.000135	0.0000000000	0.0004043296	0.0000000000
ASV552	0.000135	0.0000000000	0.0004043296	0.0000000000
ASV553	0.000135	0.0000000000	0.0004043296	0.0000000000
ASV554	0.000136	0.0000000000	0.0004079268	0.0000000000
ASV555	0.000136	0.0000000000	0.0004079268	0.0000000000
ASV556	0.000136	0.0000000000	0.0004079268	0.0000000000
ASV557	0.000136	0.0000000000	0.0004079268	0.0000000000
ASV558	0.000136	0.0000000000	0.0004079268	0.0000000000
ASV559	0.000136	0.0000000000	0.0004079268	0.0000000000
ASV736	0.000139	0.000000000	0.000000000	0.000418189
ASV811	0.000123	0.000000000	0.000370118	0.000000000
ASV813	0.000124	0.0000000000	0.0003710729	0.0000000000
ASV868	0.000112	0.0000000000	0.0003359064	0.0000000000
ASV1878	0.000118	0.0003549687	0.0000000000	0.0000000000
ASV2035	0.000118	0.0003549687	0.0000000000	0.0000000000
ASV2361	0.000121	0.0000000000	0.0000000000	0.0003624331
ASV2362	0.000132	0.0000000000	0.0000000000	0.0003957371
ASV2363	0.000132	0.0000000000	0.0000000000	0.0003957371
ASV2364	0.000132	0.0000000000	0.0000000000	0.0003957371
ASV2369	0.000119	0.0003574965	0.0000000000	0.0000000000
ASV2370	0.000121	0.0000000000	0.0000000000	0.0003624331
ASV2371	0.000119	0.0003574965	0.0000000000	0.0000000000
ASV2372	0.000119	0.0003574965	0.0000000000	0.0000000000
ASV2373	0.000121	0.0000000000	0.0000000000	0.0003624331
ASV2374	0.000132	0.00000000	0.00000000	0.00039633
ASV2375	0.000138	0.0000000000	0.0000000000	0.0004145473
ASV2377	0.000118	0.0003549687	0.0000000000	0.0000000000
ASV2387	0.000118	0.0003549687	0.0000000000	0.0000000000
ASV2388	0.000121	0.0000000000	0.0000000000	0.0003624331
ASV2389	0.000118	0.0003549687	0.0000000000	0.0000000000
ASV2390	0.000103	0.0000000000	0.0003104356	0.0000000000
ASV2393	0.000113	0.0000000000	0.0003378162	0.0000000000
ASV2394	0.000113	0.0000000000	0.0003378162	0.0000000000
ASV2395	0.000113	0.0000000000	0.0003378162	0.0000000000
ASV2396	0.000114	0.0000000000	0.0003417647	0.0000000000
ASV2397	0.000103	0.0000000000	0.0003104356	0.0000000000
ASV2398	0.000118	0.0000000000	0.0003552448	0.0000000000
ASV2399	0.000112	0.0000000000	0.0003359064	0.0000000000
ASV2400	0.000116	0.0000000000	0.0003488648	0.0000000000
ASV2401	0.000116	0.0000000000	0.0003488648	0.0000000000
ASV2402	0.000118	0.0003549687	0.0000000000	0.0000000000
ASV2407	0.000115	0.0003448942	0.0000000000	0.0000000000
ASV2409	0.000115	0.0003448942	0.0000000000	0.0000000000
ASV2410	0.000118	0.0003552638	0.0000000000	0.0000000000
ASV2413	0.000118	0.0003552638	0.0000000000	0.0000000000
ASV309	0.000107	0.0003209613	0.0000000000	0.0000000000
ASV450	0.000109	0.0000000000	0.0000000000	0.0003266437
ASV577	0.000104	0.000310698	0.000000000	0.000000000
ASV578	0.000104	0.000310698	0.000000000	0.000000000
ASV579	0.000104	0.000310698	0.000000000	0.000000000
ASV580	0.000107	0.0003209613	0.0000000000	0.0000000000
ASV581	0.000107	0.0003209613	0.0000000000	0.0000000000
ASV582	1e-04	0.0003012593	0.0000000000	0.0000000000
ASV585	0.000109	0.0000000000	0.0000000000	0.0003266437
ASV586	0.000112	0.0000000000	0.0000000000	0.0003357417
ASV587	0.000109	0.0000000000	0.0000000000	0.0003266437
ASV588	1e-04	0.0003012593	0.0000000000	0.0000000000
ASV589	0.000109	0.0000000000	0.0000000000	0.0003266437
ASV590	0.000109	0.0000000000	0.0000000000	0.0003266437
ASV592	0.000109	0.0000000000	0.0000000000	0.0003266437
ASV593	0.000109	0.0000000000	0.0000000000	0.0003266437
ASV594	0.000109	0.0000000000	0.0000000000	0.0003266437
ASV595	0.000109	0.0000000000	0.0000000000	0.0003266437
ASV596	0.000109	0.0000000000	0.0000000000	0.0003266437
ASV597	0.000109	0.0000000000	0.0000000000	0.0003266437
ASV598	0.000109	0.0000000000	0.0000000000	0.0003266437
ASV599	0.000109	0.0000000000	0.0000000000	0.0003266437
ASV600	0.000112	0.0000000000	0.0000000000	0.0003357417
ASV601	0.00011	0.000000000	0.000000000	0.000329034
ASV602	0.00011	0.000000000	0.000000000	0.000329034
ASV603	0.00011	0.000000000	0.000000000	0.000329034
ASV604	0.00011	0.000000000	0.000000000	0.000329034
ASV605	0.00011	0.000000000	0.000000000	0.000329034
ASV606	0.00011	0.000000000	0.000000000	0.000329034
ASV607	0.00011	0.000000000	0.000000000	0.000329034
ASV608	0.00011	0.000000000	0.000000000	0.000329034
ASV609	0.000117	0.0000000000	0.0000000000	0.0003520978
ASV610	0.000112	0.0000000000	0.0000000000	0.0003357417
ASV611	0.000112	0.0000000000	0.0000000000	0.0003357417
ASV612	1e-04	0.0003012593	0.0000000000	0.0000000000
ASV614	0.000107	0.000320406	0.000000000	0.000000000
ASV615	0.000102	0.0000000000	0.0003053137	0.0000000000
ASV616	0.000103	0.0000000000	0.0003079311	0.0000000000
ASV617	0.000103	0.0000000000	0.0003079311	0.0000000000
ASV618	0.000103	0.0000000000	0.0003079311	0.0000000000
ASV619	0.000103	0.0000000000	0.0003079311	0.0000000000
ASV620	0.000103	0.0000000000	0.0003079311	0.0000000000
ASV621	0.000102	0.0000000000	0.0003053137	0.0000000000
ASV622	0.000102	0.0000000000	0.0003053137	0.0000000000
ASV623	0.000102	0.0000000000	0.0003053137	0.0000000000
ASV624	0.000102	0.0000000000	0.0003053137	0.0000000000
ASV625	0.000102	0.0000000000	0.0003053137	0.0000000000
ASV626	0.000102	0.0000000000	0.0003053137	0.0000000000
ASV627	0.000102	0.0000000000	0.0003053137	0.0000000000
ASV628	0.000103	0.0000000000	0.0003079311	0.0000000000
ASV629	0.000102	0.0000000000	0.0003053137	0.0000000000
ASV630	0.000102	0.0000000000	0.0003053137	0.0000000000
ASV631	9.6e-05	0.0000000000	0.0002894658	0.0000000000
ASV632	9.6e-05	0.0000000000	0.0002894658	0.0000000000
ASV633	9.6e-05	0.0000000000	0.0002894658	0.0000000000
ASV634	9.6e-05	0.0000000000	0.0002894658	0.0000000000
ASV635	9.6e-05	0.0000000000	0.0002894658	0.0000000000
ASV636	9.6e-05	0.0000000000	0.0002894658	0.0000000000
ASV637	9.6e-05	0.0000000000	0.0002894658	0.0000000000
ASV638	0.000109	0.0000000000	0.0003262515	0.0000000000
ASV639	0.000107	0.000320406	0.000000000	0.000000000
ASV640	0.000103	0.0000000000	0.0003079311	0.0000000000
ASV642	0.000103	0.0000000000	0.0003079311	0.0000000000
ASV643	0.000102	0.0000000000	0.0003059451	0.0000000000
ASV644	0.000107	0.000320406	0.000000000	0.000000000
ASV645	0.000103	0.0000000000	0.0003079311	0.0000000000
ASV646	0.000107	0.0003220902	0.0000000000	0.0000000000
ASV647	0.000107	0.0003220902	0.0000000000	0.0000000000
ASV648	0.000107	0.0003220902	0.0000000000	0.0000000000
ASV649	0.000107	0.0003220902	0.0000000000	0.0000000000
ASV650	0.000101	0.0000000000	0.0003032472	0.0000000000
ASV651	0.000101	0.0000000000	0.0003032472	0.0000000000
ASV652	0.000101	0.0000000000	0.0003032472	0.0000000000
ASV653	0.000101	0.0000000000	0.0003032472	0.0000000000
ASV654	0.000101	0.0000000000	0.0003032472	0.0000000000
ASV655	0.000101	0.0000000000	0.0003032472	0.0000000000
ASV656	0.000102	0.0000000000	0.0003059451	0.0000000000
ASV657	0.000102	0.0000000000	0.0003059451	0.0000000000
ASV658	0.000103	0.0000000000	0.0003079311	0.0000000000
ASV659	0.000103	0.0000000000	0.0003079311	0.0000000000
ASV660	0.000102	0.0000000000	0.0003059451	0.0000000000
ASV661	0.000103	0.0000000000	0.0003079311	0.0000000000
ASV662	0.000102	0.0000000000	0.0003059451	0.0000000000
ASV663	0.000102	0.0000000000	0.0003059451	0.0000000000
ASV664	0.000102	0.0000000000	0.0003059451	0.0000000000
ASV665	0.000102	0.0000000000	0.0003059451	0.0000000000
ASV666	0.000102	0.0000000000	0.0003059451	0.0000000000
ASV667	0.000102	0.0000000000	0.0003059451	0.0000000000
ASV836	8.6e-05	0.0002576974	0.0000000000	0.0000000000
ASV1863	8.4e-05	0.0000000000	0.0002533621	0.0000000000
ASV2080	8.4e-05	0.0000000000	0.0002533621	0.0000000000
ASV2132	8.4e-05	0.0000000000	0.0002533621	0.0000000000
ASV2314	9.9e-05	0.0000000000	0.0000000000	0.0002968028
ASV2419	9.1e-05	0.0000000000	0.0000000000	0.0002718248
ASV2421	9.1e-05	0.0000000000	0.0000000000	0.0002718248
ASV2422	9.1e-05	0.0000000000	0.0000000000	0.0002718248
ASV2423	9.1e-05	0.0000000000	0.0000000000	0.0002718248
ASV2424	9.9e-05	0.0000000000	0.0000000000	0.0002968028
ASV2425	9.9e-05	0.0000000000	0.0000000000	0.0002968028
ASV2434	9.1e-05	0.0000000000	0.0000000000	0.0002718248
ASV2439	9.1e-05	0.0000000000	0.0000000000	0.0002718248
ASV2440	0.000104	0.0000000000	0.0000000000	0.0003109105
ASV2441	9.1e-05	0.0000000000	0.0000000000	0.0002718248
ASV2442	8.6e-05	0.0002576974	0.0000000000	0.0000000000
ASV2454	0.000104	0.0000000000	0.0000000000	0.0003109105
ASV2455	0.000104	0.0000000000	0.0000000000	0.0003109105
ASV2456	0.000104	0.0000000000	0.0000000000	0.0003109105
ASV2457	9.9e-05	0.0000000000	0.0000000000	0.0002972475
ASV2459	8.6e-05	0.0002576974	0.0000000000	0.0000000000
ASV2460	7.8e-05	0.0000000000	0.0002328267	0.0000000000
ASV2467	8.4e-05	0.0000000000	0.0002533621	0.0000000000
ASV2468	8.4e-05	0.0000000000	0.0002533621	0.0000000000
ASV2469	8.9e-05	0.0000000000	0.0002664336	0.0000000000
ASV2471	8.4e-05	0.0000000000	0.0002519298	0.0000000000
ASV2472	8.4e-05	0.0000000000	0.0002519298	0.0000000000
ASV2473	8.4e-05	0.0000000000	0.0002519298	0.0000000000
ASV2474	8.7e-05	0.0000000000	0.0002616486	0.0000000000
ASV2475	8.7e-05	0.0000000000	0.0002616486	0.0000000000
ASV2476	8.7e-05	0.0000000000	0.0002616486	0.0000000000
ASV2477	8.7e-05	0.0000000000	0.0002616486	0.0000000000
ASV2478	8.7e-05	0.0000000000	0.0002616486	0.0000000000
ASV2480	7.8e-05	0.0000000000	0.0002328267	0.0000000000
ASV2482	8.9e-05	0.0002664478	0.0000000000	0.0000000000
ASV2483	8.9e-05	0.0002662265	0.0000000000	0.0000000000
ASV2484	8.9e-05	0.0002662265	0.0000000000	0.0000000000
ASV2485	8.6e-05	0.0002586706	0.0000000000	0.0000000000
ASV2486	8.6e-05	0.0002586706	0.0000000000	0.0000000000
ASV2487	8.6e-05	0.0002586706	0.0000000000	0.0000000000
ASV2488	8.6e-05	0.0002586706	0.0000000000	0.0000000000
ASV2489	8.9e-05	0.0002664478	0.0000000000	0.0000000000
ASV2490	8.9e-05	0.0002681224	0.0000000000	0.0000000000
ASV2491	8.9e-05	0.0002664478	0.0000000000	0.0000000000
ASV689	7.1e-05	0.0002139742	0.0000000000	0.0000000000
ASV690	7.1e-05	0.0002139742	0.0000000000	0.0000000000
ASV691	7.2e-05	0.0002145499	0.0000000000	0.0000000000
ASV692	6.9e-05	0.000207132	0.000000000	0.000000000
ASV693	6.9e-05	0.000207132	0.000000000	0.000000000
ASV705	7.3e-05	0.000000000	0.000000000	0.000219356
ASV707	7.9e-05	0.0000000000	0.0000000000	0.0002373696
ASV708	7.3e-05	0.000000000	0.000000000	0.000219356
ASV709	7.3e-05	0.000000000	0.000000000	0.000219356
ASV710	7.3e-05	0.000000000	0.000000000	0.000219356
ASV711	7.3e-05	0.000000000	0.000000000	0.000219356
ASV712	7.1e-05	0.0002139742	0.0000000000	0.0000000000
ASV713	7.3e-05	0.000000000	0.000000000	0.000219356
ASV714	7.3e-05	0.000000000	0.000000000	0.000219356
ASV715	7.3e-05	0.0000000000	0.0000000000	0.0002177624
ASV717	7.3e-05	0.0000000000	0.0000000000	0.0002177624
ASV718	7.3e-05	0.0000000000	0.0000000000	0.0002177624
ASV719	7.3e-05	0.0000000000	0.0000000000	0.0002177624
ASV720	7.3e-05	0.0000000000	0.0000000000	0.0002177624
ASV721	7.3e-05	0.0000000000	0.0000000000	0.0002177624
ASV722	7.3e-05	0.0000000000	0.0000000000	0.0002177624
ASV723	7.3e-05	0.0000000000	0.0000000000	0.0002177624
ASV724	7.3e-05	0.000000000	0.000000000	0.000219356
ASV725	7.3e-05	0.000000000	0.000000000	0.000219356
ASV726	7.3e-05	0.000000000	0.000000000	0.000219356
ASV727	7.3e-05	0.0000000000	0.0000000000	0.0002201615
ASV733	7.5e-05	0.0000000000	0.0000000000	0.0002238278
ASV734	7.5e-05	0.0000000000	0.0000000000	0.0002238278
ASV735	7.5e-05	0.0000000000	0.0000000000	0.0002238278
ASV737	7.5e-05	0.0000000000	0.0000000000	0.0002238278
ASV738	7.8e-05	0.0000000000	0.0000000000	0.0002347319
ASV739	7.8e-05	0.0000000000	0.0000000000	0.0002347319
ASV740	7.8e-05	0.0000000000	0.0000000000	0.0002347319
ASV741	7.3e-05	0.0000000000	0.0000000000	0.0002201615
ASV742	7.3e-05	0.0000000000	0.0000000000	0.0002201615
ASV743	7.1e-05	0.0002139742	0.0000000000	0.0000000000
ASV744	7.2e-05	0.0002147268	0.0000000000	0.0000000000
ASV745	7.1e-05	0.0002139742	0.0000000000	0.0000000000
ASV746	6.8e-05	0.0000000000	0.0002052874	0.0000000000
ASV747	6.8e-05	0.0000000000	0.0002035425	0.0000000000
ASV748	6.8e-05	0.0000000000	0.0002035425	0.0000000000
ASV749	6.8e-05	0.0000000000	0.0002052874	0.0000000000
ASV750	6.8e-05	0.0000000000	0.0002052874	0.0000000000
ASV751	6.8e-05	0.0000000000	0.0002052874	0.0000000000
ASV752	6.8e-05	0.0000000000	0.0002052874	0.0000000000
ASV753	6.8e-05	0.0000000000	0.0002052874	0.0000000000
ASV754	6.8e-05	0.0000000000	0.0002052874	0.0000000000
ASV755	6.8e-05	0.0000000000	0.0002039634	0.0000000000
ASV756	6.8e-05	0.0000000000	0.0002052874	0.0000000000
ASV757	6.8e-05	0.0000000000	0.0002052874	0.0000000000
ASV758	6.8e-05	0.0000000000	0.0002052874	0.0000000000
ASV759	6.8e-05	0.0000000000	0.0002039634	0.0000000000
ASV760	6.8e-05	0.0000000000	0.0002039634	0.0000000000
ASV761	6.8e-05	0.0000000000	0.0002039634	0.0000000000
ASV762	6.8e-05	0.0000000000	0.0002039634	0.0000000000
ASV763	6.8e-05	0.0000000000	0.0002035425	0.0000000000
ASV764	6.8e-05	0.0000000000	0.0002035425	0.0000000000
ASV765	6.8e-05	0.0000000000	0.0002035425	0.0000000000
ASV766	6.8e-05	0.0000000000	0.0002035425	0.0000000000
ASV767	7.3e-05	0.000000000	0.000217501	0.000000000
ASV768	7.3e-05	0.000000000	0.000217501	0.000000000
ASV769	7.3e-05	0.000000000	0.000217501	0.000000000
ASV770	7.3e-05	0.000000000	0.000217501	0.000000000
ASV771	6.4e-05	0.0000000000	0.0001929772	0.0000000000
ASV773	6.4e-05	0.0000000000	0.0001929772	0.0000000000
ASV774	6.4e-05	0.0000000000	0.0001929772	0.0000000000
ASV775	6.4e-05	0.0000000000	0.0001929772	0.0000000000
ASV776	6.4e-05	0.0000000000	0.0001929772	0.0000000000
ASV777	6.4e-05	0.0000000000	0.0001929772	0.0000000000
ASV778	6.4e-05	0.0000000000	0.0001929772	0.0000000000
ASV779	6.4e-05	0.0000000000	0.0001929772	0.0000000000
ASV780	6.8e-05	0.0000000000	0.0002035425	0.0000000000
ASV781	6.8e-05	0.0000000000	0.0002035425	0.0000000000
ASV782	6.8e-05	0.0000000000	0.0002039634	0.0000000000
ASV783	6.8e-05	0.0000000000	0.0002039634	0.0000000000
ASV784	6.7e-05	0.0002008395	0.0000000000	0.0000000000
ASV785	7.1e-05	0.000213604	0.000000000	0.000000000
ASV786	7.2e-05	0.0002147268	0.0000000000	0.0000000000
ASV787	7.2e-05	0.0002147268	0.0000000000	0.0000000000
ASV788	7.2e-05	0.0002147268	0.0000000000	0.0000000000
ASV789	7.2e-05	0.0002147268	0.0000000000	0.0000000000
ASV790	7.2e-05	0.0002147268	0.0000000000	0.0000000000
ASV791	7.1e-05	0.000213604	0.000000000	0.000000000
ASV792	7.1e-05	0.000213604	0.000000000	0.000000000
ASV794	6.8e-05	0.0000000000	0.0002039634	0.0000000000
ASV795	7.1e-05	0.000213604	0.000000000	0.000000000
ASV796	7.1e-05	0.000213604	0.000000000	0.000000000
ASV797	7.1e-05	0.000213604	0.000000000	0.000000000
ASV798	7.1e-05	0.000213604	0.000000000	0.000000000
ASV799	7.1e-05	0.000213604	0.000000000	0.000000000
ASV800	6.7e-05	0.0002008395	0.0000000000	0.0000000000
ASV801	6.7e-05	0.0002008395	0.0000000000	0.0000000000
ASV802	7.2e-05	0.0002147268	0.0000000000	0.0000000000
ASV803	7.2e-05	0.0002147268	0.0000000000	0.0000000000
ASV804	7.2e-05	0.0002147268	0.0000000000	0.0000000000
ASV805	7.2e-05	0.0002147268	0.0000000000	0.0000000000
ASV806	6.8e-05	0.0000000000	0.0002039634	0.0000000000
ASV807	6.8e-05	0.0000000000	0.0002039634	0.0000000000
ASV808	6.7e-05	0.0000000000	0.0002021648	0.0000000000
ASV809	6.7e-05	0.0000000000	0.0002021648	0.0000000000
ASV810	6.7e-05	0.0000000000	0.0002021648	0.0000000000
ASV812	6.7e-05	0.0000000000	0.0002021648	0.0000000000
ASV814	6.7e-05	0.0000000000	0.0002021648	0.0000000000
ASV815	6.7e-05	0.0000000000	0.0002021648	0.0000000000
ASV816	6.7e-05	0.0000000000	0.0002021648	0.0000000000
ASV817	7.2e-05	0.0002147268	0.0000000000	0.0000000000
ASV818	7.2e-05	0.0002147268	0.0000000000	0.0000000000
ASV819	7.2e-05	0.0002147268	0.0000000000	0.0000000000
ASV820	7.2e-05	0.0002147268	0.0000000000	0.0000000000
ASV821	7.3e-05	0.0000000000	0.0000000000	0.0002177624
ASV1953	6.9e-05	0.0000000000	0.0000000000	0.0002072736
ASV2052	5.9e-05	0.0001774843	0.0000000000	0.0000000000
ASV2513	5.7e-05	0.0001717983	0.0000000000	0.0000000000
ASV2514	5.7e-05	0.0001717983	0.0000000000	0.0000000000
ASV2515	6e-05	0.0001787483	0.0000000000	0.0000000000
ASV2516	6.2e-05	0.0001845127	0.0000000000	0.0000000000
ASV2519	6.2e-05	0.0001845127	0.0000000000	0.0000000000
ASV2530	6.9e-05	0.0000000000	0.0000000000	0.0002072736
ASV2531	6.6e-05	0.000000000	0.000000000	0.000198165
ASV2532	6.6e-05	0.0000000000	0.0000000000	0.0001978686
ASV2533	6.6e-05	0.0000000000	0.0000000000	0.0001978686
ASV2534	6.6e-05	0.0000000000	0.0000000000	0.0001978686
ASV2535	6.2e-05	0.0001845127	0.0000000000	0.0000000000
ASV2537	5.9e-05	0.0001774843	0.0000000000	0.0000000000
ASV2538	5.6e-05	0.0000000000	0.0001679532	0.0000000000
ASV2539	5.2e-05	0.0000000000	0.0001552178	0.0000000000
ASV2540	5.2e-05	0.0000000000	0.0001552178	0.0000000000
ASV2541	5.2e-05	0.0000000000	0.0001552178	0.0000000000
ASV2542	5.9e-05	0.0000000000	0.0001776224	0.0000000000
ASV2543	5.6e-05	0.0000000000	0.0001679532	0.0000000000
ASV2544	5.6e-05	0.0000000000	0.0001679532	0.0000000000
ASV2545	5.6e-05	0.0000000000	0.0001679532	0.0000000000
ASV2546	5.6e-05	0.0000000000	0.0001679532	0.0000000000
ASV2547	5.7e-05	0.0000000000	0.0001708823	0.0000000000
ASV2548	5.8e-05	0.0000000000	0.0001744324	0.0000000000
ASV2549	5.8e-05	0.0000000000	0.0001744324	0.0000000000
ASV2550	5.8e-05	0.0000000000	0.0001744324	0.0000000000
ASV2551	5.8e-05	0.0000000000	0.0001744324	0.0000000000
ASV2552	5.8e-05	0.0000000000	0.0001744324	0.0000000000
ASV2553	5.8e-05	0.0000000000	0.0001744324	0.0000000000
ASV2554	5.8e-05	0.0000000000	0.0001744324	0.0000000000
ASV2555	5.8e-05	0.0000000000	0.0001744324	0.0000000000
ASV2556	5.2e-05	0.0000000000	0.0001552178	0.0000000000
ASV2557	5.6e-05	0.0000000000	0.0001689081	0.0000000000
ASV2558	5.7e-05	0.0001724471	0.0000000000	0.0000000000
ASV2560	5.7e-05	0.0001724471	0.0000000000	0.0000000000
ASV2561	5.7e-05	0.0001724471	0.0000000000	0.0000000000
ASV2562	5.7e-05	0.0001724471	0.0000000000	0.0000000000
ASV2563	5.9e-05	0.0001776319	0.0000000000	0.0000000000
ASV2564	5.9e-05	0.0001776319	0.0000000000	0.0000000000
ASV2565	5.9e-05	0.0001776319	0.0000000000	0.0000000000
