Class	OW	OW	OW	OW	OW	OW	OW	OW	OW	OW	OW	OW	CW	CW	CW	CW	CW	CW	CW	CW	CW	CW	CW	CW	PW	PW	PW	PW	PW	PW	PW	PW	PW	PW	PW	PW
k__Unassigned	60.2314983084967	43.7080758464057	33.723078699694	52.701831132049	31.1246643432554	53.2356925387948	31.2083789276223	49.1017684662405	62.5526024363234	30.6826917668235	46.4809890176813	41.9160355856187	37.298136211742	57.2593122494136	46.7394749733452	34.4936754607879	38.3353363704967	36.3494725167355	50.5407882676444	39.6573313379959	43.2030643130742	38.5278423860993	38.6321921634347	35.5820511248697	39.0260926385197	32.3569870827042	33.0650926926594	41.6139848416053	36.9197714894822	36.7317670566244	40.3926329775049	38.7401877235519	30.0388737008455	33.6125888381575	35.5217199633762	36.4814301552106
k__Unassigned|p__Unassigned	60.2314983084967	43.7080758464057	33.723078699694	52.701831132049	31.1246643432554	53.2356925387948	31.2083789276223	49.1017684662405	62.5526024363234	30.6826917668235	46.4809890176813	41.9160355856187	37.298136211742	57.2593122494136	46.7394749733452	34.4936754607879	38.3353363704967	36.3494725167355	50.5407882676444	39.6573313379959	43.2030643130742	38.5278423860993	38.6321921634347	35.5820511248697	39.0260926385197	32.3569870827042	33.0650926926594	41.6139848416053	36.9197714894822	36.7317670566244	40.3926329775049	38.7401877235519	30.0388737008455	33.6125888381575	35.5217199633762	36.4814301552106
k__Unassigned|p__Unassigned|c__Unassigned	60.2314983084967	43.7080758464057	33.723078699694	52.701831132049	31.1246643432554	53.2356925387948	31.2083789276223	49.1017684662405	62.5526024363234	30.6826917668235	46.4809890176813	41.9160355856187	37.298136211742	57.2593122494136	46.7394749733452	34.4936754607879	38.3353363704967	36.3494725167355	50.5407882676444	39.6573313379959	43.2030643130742	38.5278423860993	38.6321921634347	35.5820511248697	39.0260926385197	32.3569870827042	33.0650926926594	41.6139848416053	36.9197714894822	36.7317670566244	40.3926329775049	38.7401877235519	30.0388737008455	33.6125888381575	35.5217199633762	36.4814301552106
k__Unassigned|p__Unassigned|c__Unassigned|o__Unassigned	60.2314983084967	43.7080758464057	33.723078699694	52.701831132049	31.1246643432554	53.2356925387948	31.2083789276223	49.1017684662405	62.5526024363234	30.6826917668235	46.4809890176813	41.9160355856187	37.298136211742	57.2593122494136	46.7394749733452	34.4936754607879	38.3353363704967	36.3494725167355	50.5407882676444	39.6573313379959	43.2030643130742	38.5278423860993	38.6321921634347	35.5820511248697	39.0260926385197	32.3569870827042	33.0650926926594	41.6139848416053	36.9197714894822	36.7317670566244	40.3926329775049	38.7401877235519	30.0388737008455	33.6125888381575	35.5217199633762	36.4814301552106
k__Unassigned|p__Unassigned|c__Unassigned|o__Unassigned|f__Acidaminococcaceae	0	0.0224475783024349	0	0.00140209192114635	0.0142832657258756	0	0.0750351727372206	0	0	0.0806255039093994	0.0324800552160939	0	0.0237692426000755	0.00166364437937746	0.00720398812782757	0.0621611853993495	0.0195645490371447	0.0950658198766785	0.0314259525991882	0.0519194942430443	0.08303645568264	0.597436949879144	0.187534913414731	0.450560902347821	0.207909470276371	0.38919644354974	0.229445506692161	0.462785093080926	0.266484568877933	0.291662638177189	0.0893388921977367	0.110425618743548	0.287227047790428	0.154986805177397	0.120383871952253	0.0993163340724316
k__Unassigned|p__Unassigned|c__Unassigned|o__Unassigned|f__Bacteroidaceae	9.15089328151648	0.689272698463001	2.58531093019227	1.02492919435798	4.54207850082843	1.82808245818748	1.9446615601063	2.44972236479866	33.6064968623108	0.905630660191626	1.9021132335925	4.29747812660834	1.91132674319431	0.645494019198456	0.410627323286171	0.312251535959523	1.62246010229464	2.99325296750597	0.434725677622103	0.626088018813181	0.551790640987866	1.34081269667533	1.21698188492539	2.14859314657022	1.42566493903797	2.74450595537661	0.753179815446006	1.37787712619189	1.26746723072567	1.34712688130459	1.13620744948916	1.43553304366613	2.33588261757276	5.08803529789581	4.18122011597545	3.07187730968219
k__Unassigned|p__Unassigned|c__Unassigned|o__Unassigned|f__Bacteroidales_S24-7_group	0	10.5292346696245	0.480685951844795	0.0028041838422927	0.30423355996115	0.0348717123351976	0.143817414413006	2.41239326209696	0	0.0843755273470459	16.2075475528308	2.56414969487538	0.0671131555766838	0.0366001763463042	0.280955536985275	0.0867365377665341	0.153721456720423	0.409311168913477	1.3356029854655	2.63262376691201	1.10358128197573	0.209787020568249	0.147633868007342	0.180837368969534	0.99648038968175	0.768327461835263	0.543686091944468	0.417379763193741	0.702853050415549	1.20532405169358	0.9025518852797	0.87140216530235	0.249160812541094	1.50379089347799	0.691783376852386	0.623614190687361
k__Unassigned|p__Unassigned|c__Unassigned|o__Unassigned|f__Christensenellaceae	4.54888584449353	0.619289071990704	0.40706738264334	0	0.254242129920585	0.164970023739589	0.318899484133187	0.732583640520741	0	0.862505390658692	0.572460973183654	0.950297772222631	0.387298835307113	0.384301851636194	0.188744488949082	0.323816407661727	0.279493557673496	0.340652521224765	0.659945004582951	0.561952172983538	0.549112045643265	0.205226433164592	0.5426542175405	0.594617789493042	0.74104875477078	0.885757423251132	0.576939063928839	0.780622402291223	0.757815492746623	0.505978278384737	0.657442616942319	0.616943130806347	0.453334256151158	0.516622683924657	0.350978330903049	0.586659275683666
k__Unassigned|p__Unassigned|c__Unassigned|o__Unassigned|f__Corynebacteriaceae	0	0	0	0	0	0	0	0	0	0	0	0	0	14.0295130512902	0	0	0	0	0	0	0	0	0	0	0	0	0	0	0	0	0	0	0	0	0	0
k__Unassigned|p__Unassigned|c__Unassigned|o__Unassigned|f__Lachnospiraceae	14.632202868566	2.92082607088153	3.78630405912582	0.0056083676845854	2.76381191795692	5.17174318325085	2.58246052837267	2.02510382156689	10.8361018826135	4.68940430877693	2.96177503501756	3.69458128078818	2.95717341759763	3.12598778885026	7.25441604472236	4.97289483194796	4.04846418290058	6.67573312911787	5.88189079481472	7.35118956723575	6.08844721827873	3.69407579696265	2.078844465725	3.91405627413719	5.21555756864725	5.14007716826036	2.44908138664893	3.82627222241626	1.0709348611782	4.40877888426955	4.65936683923581	4.83952276928247	2.67847873481676	4.13996285901786	4.22360880328258	5.7649667405765
k__Unassigned|p__Unassigned|c__Unassigned|o__Unassigned|f__Methanobacteriaceae	2.16260799060587	2.63164844451487	2.22010508689878	0.629539272594711	0.439924584356967	1.73553829852868	0.553384398937002	1.89911809994867	1.29383536360281	0.251251570322315	2.72020462434786	1.83074773913683	0.929796842885306	0.366001763463042	2.59199492839236	1.43982652692447	2.17585734648816	1.05364617029985	16.8102658111824	5.55233179610909	7.79739104813436	0.62480047430109	1.20900167584391	0.432170661435665	0.531654216849577	0.81529944640161	0.709950951866323	3.13122140337397	2.19516663613198	0.235263785490992	0.426077793558437	0.492114170487553	1.47304795192119	0.999734707270417	1.30896266404422	1.73457132298596
k__Unassigned|p__Unassigned|c__Unassigned|o__Unassigned|f__Micrococcaceae	0.00419380993653368	0.0277293614324196	0.0346440325653906	39.1281792434312	0.104267839798892	8.29142021754584	0.00312646553071752	0.00933227567542345	0.00369139904023625	0.00187501171882324	0.0060900103530176	0.0183810013969561	0.00978733518826638	0.00332728875875493	0.0230527620090482	0.00144560896277557	0.0139746778836748	0.00132035860939831	0	0	0	0	0	0	0	0	0.00332529719843711	0	0	0	0	0.00240055692920758	0.00230704456056569	0	0.00169554749228526	0
k__Unassigned|p__Unassigned|c__Unassigned|o__Unassigned|f__Nocardiaceae	0	0	0	8.58921510894254	0.00142832657258756	0	0.00312646553071752	0	0	0	0	0	0	0	0	0	0	0	0	0	0	0	0	0	0	0	0	0	0	0	0	0	0	0	0	0
k__Unassigned|p__Unassigned|c__Unassigned|o__Unassigned|f__Prevotellaceae	2.93287108228255	0.537421433475942	2.03100640914602	0.0224334707383416	4.21784836885105	4.3723762389517	0.537752071283414	0	0	0.350627191419946	0.682081159537971	0	0.717271850225808	0.956595518142042	1.1612828862058	0.380195157209975	3.59149221610442	2.39777123466734	0.379730260573524	0.604709403536634	0.238394985669515	2.00665845760934	1.48032878461416	1.97695089805676	1.28012830984451	6.78241905720517	2.55216559980048	2.59508923893682	3.61752802251795	1.62267556157143	1.50730746323361	0.77297933120484	2.06365135942601	5.26815509850738	4.3016039879277	4.3930155210643
k__Unassigned|p__Unassigned|c__Unassigned|o__Unassigned|f__Pseudomonadaceae	0	0.00396133734748851	0	2.93598048288046	0	0	0	0	0	0	0.00203000345100587	0.0165429012572605	0.00139819074118091	9.64414646725116	0	0	0.00279493557673496	0.0475329099383393	0	0	0	0	0	0	0	0	0	0	0.00166552855548708	0	0	0	0.0207634010450912	0.00977394266884486	0.00508664247685578	0
k__Unassigned|p__Unassigned|c__Unassigned|o__Unassigned|f__Rhizobiaceae	0	0.0092431204774732	0	0	0	0	0	0	0	0	0	0.00183810013969561	0.0139819074118091	13.557038047547	0	0.00144560896277557	0	0	0	0	0	0	0	0	0	0	0	0	0	0	0	0	0	0	0	0
k__Unassigned|p__Unassigned|c__Unassigned|o__Unassigned|f__Rikenellaceae	4.919339055554	6.66032852691068	9.88365379063456	0.0771150556630493	5.06056104667771	10.1463270698373	5.88400812881038	12.4352573375017	7.15946843853821	6.27378921118257	5.89107001481903	12.0450702154253	8.555529145286	2.27752915536775	10.8463245252572	1.23888688109866	10.6654741608206	6.72326603905621	7.23320675657981	9.76086491769233	10.0929472584577	11.1415150271355	11.9583433085947	8.22350272788574	6.73626683695442	5.38500251635632	5.56155956438607	10.1218958471587	7.88627771023134	7.4881562409359	8.07944289183122	8.18109801473942	4.9151584362852	4.18604001731384	6.15992403947235	4.58240946045824
k__Unassigned|p__Unassigned|c__Unassigned|o__Unassigned|f__Ruminococcaceae	21.8707188190231	13.2176622827867	9.89520180148969	0.255180729648636	12.162200765583	9.05859788892018	8.98233546975145	18.015958191405	9.65300849021779	16.717604485028	11.5425996224194	14.6827439158885	17.2285063128312	11.9083664675839	8.63758176526525	21.867726779906	14.2877106682691	13.6789151933665	12.4839596700275	12.2560547292551	15.2492432968152	17.7954120490719	18.2587183784215	14.2401765463128	17.0292706832796	9.27696695185372	14.5049463795827	12.6506234501065	18.5190120084609	16.727899706726	20.1058322261419	19.7493818565907	15.3314646272393	11.0738770438012	13.2659635796399	15.2115668883962
k__Unassigned|p__Unassigned|c__Unassigned|o__Unassigned|f__Unassigned	0.00978555651857858	0.216553108329372	0.538426006120446	0.0084125515268781	0.815574472947495	0.193135637548787	0.284508363295295	0.485278335122019	0	0.223126394539966	0.255780434826739	0.0863907065656937	0.262859859342011	0.231246568733468	0.0835662622827998	1.05818576075172	0.093630341820621	0.182209488096967	0.138797957313081	0.149650306935834	0.233037794980312	0.702330460163269	0.554624531162716	0.260528412922209	0.24355109375232	0.161046804227479	0.473854850777288	0.609479235793371	0.577938408754018	0.272325888684779	0.556650020616667	0.621744244664762	0.0922817824226275	0.471941803152795	0.194987961612805	0.196322985957132
k__Unassigned|p__Unassigned|c__Unassigned|o__Unassigned|f__Verrucomicrobiaceae	0	5.6224581418687	1.86067324903285	0.0210313788171953	0.44420956407473	12.2386298099492	9.89526340472096	8.63702113760441	0	0.241876511728198	3.70475629808571	1.72781413131387	4.23232337355462	0.0915004408657605	15.2537244618621	2.74810263823636	1.38069817490707	1.75079551606216	5.15123739688359	0.109947164279388	1.21608228644899	0.209787020568249	0.997526135184742	3.1600563967388	4.6185603754251	0.00838785438684784	4.70695818438773	5.64073905906186	0.0566279708865608	2.62657513938574	2.27241489897833	1.0466428211345	0.136115629073376	0.199667685949259	0.715521041744379	0.217110125646711
k__Unassigned|p__Unassigned|c__Unassigned|o__Unassigned|f__Acidaminococcaceae|g__Phascolarctobacterium	0	0.0224475783024349	0	0.00140209192114635	0.0142832657258756	0	0.0750351727372206	0	0	0.0806255039093994	0.0324800552160939	0	0.0237692426000755	0.00166364437937746	0.00720398812782757	0.0621611853993495	0.0195645490371447	0.0950658198766785	0.0314259525991882	0.0519194942430443	0.08303645568264	0.597436949879144	0.187534913414731	0.450560902347821	0.207909470276371	0.38919644354974	0.229445506692161	0.462785093080926	0.266484568877933	0.291662638177189	0.0893388921977367	0.110425618743548	0.287227047790428	0.154986805177397	0.120383871952253	0.0993163340724316
k__Unassigned|p__Unassigned|c__Unassigned|o__Unassigned|f__Bacteroidaceae|g__Bacteroides	9.15089328151648	0.689272698463001	2.58531093019227	1.02492919435798	4.54207850082843	1.82808245818748	1.9446615601063	2.44972236479866	33.6064968623108	0.905630660191626	1.9021132335925	4.29747812660834	1.91132674319431	0.645494019198456	0.410627323286171	0.312251535959523	1.62246010229464	2.99325296750597	0.434725677622103	0.626088018813181	0.551790640987866	1.34081269667533	1.21698188492539	2.14859314657022	1.42566493903797	2.74450595537661	0.753179815446006	1.37787712619189	1.26746723072567	1.34712688130459	1.13620744948916	1.43553304366613	2.33588261757276	5.08803529789581	4.18122011597545	3.07187730968219
k__Unassigned|p__Unassigned|c__Unassigned|o__Unassigned|f__Bacteroidales_S24-7_group|g__Unassigned	0	10.5292346696245	0.480685951844795	0.0028041838422927	0.30423355996115	0.0348717123351976	0.143817414413006	2.41239326209696	0	0.0843755273470459	16.2075475528308	2.56414969487538	0.0671131555766838	0.0366001763463042	0.280955536985275	0.0867365377665341	0.153721456720423	0.409311168913477	1.3356029854655	2.63262376691201	1.10358128197573	0.209787020568249	0.147633868007342	0.180837368969534	0.99648038968175	0.768327461835263	0.543686091944468	0.417379763193741	0.702853050415549	1.20532405169358	0.9025518852797	0.87140216530235	0.249160812541094	1.50379089347799	0.691783376852386	0.623614190687361
k__Unassigned|p__Unassigned|c__Unassigned|o__Unassigned|f__Christensenellaceae|g__Christensenellaceae_R-7_group	4.54888584449353	0.619289071990704	0.40706738264334	0	0.254242129920585	0.164970023739589	0.318899484133187	0.732583640520741	0	0.862505390658692	0.572460973183654	0.950297772222631	0.387298835307113	0.384301851636194	0.188744488949082	0.323816407661727	0.279493557673496	0.340652521224765	0.659945004582951	0.561952172983538	0.549112045643265	0.205226433164592	0.5426542175405	0.594617789493042	0.74104875477078	0.885757423251132	0.576939063928839	0.780622402291223	0.757815492746623	0.505978278384737	0.657442616942319	0.616943130806347	0.453334256151158	0.516622683924657	0.350978330903049	0.586659275683666
k__Unassigned|p__Unassigned|c__Unassigned|o__Unassigned|f__Corynebacteriaceae|g__Corynebacterium_1	0	0	0	0	0	0	0	0	0	0	0	0	0	14.0295130512902	0	0	0	0	0	0	0	0	0	0	0	0	0	0	0	0	0	0	0	0	0	0
k__Unassigned|p__Unassigned|c__Unassigned|o__Unassigned|f__Lachnospiraceae|g__Blautia	0.012581429809601	0	0	0	0	0	0	0	4.01439645625692	0	0	0	0	0	0	0	0	0	0	0	0	0	0	0	0	0	0	0	0	0	0	0	0.00230704456056569	0	0	0
k__Unassigned|p__Unassigned|c__Unassigned|o__Unassigned|f__Lachnospiraceae|g__Coprococcus_3	0.0055917465820449	0.125442349337136	0.119810612621976	0.00140209192114635	0.205679026452608	0.0549900079131963	0.228231983742379	0.0559936540525407	0	0.240001500009375	0.194880331296563	0.0919050069847805	0.41386445938955	0.187991814869653	0.309771489496585	0.485724611492591	0.715503507644149	0.409311168913477	2.67906245908079	3.53357969642366	2.75895320493933	0.547270488438911	0.135663554385125	0.536382026604549	0.433639752290717	1.16087904713974	0.18455399451326	0.230519367119556	0.118252527439583	0.336781720326147	0.311540752279287	0.357682982451929	0.156879030118467	0.363032156271381	0.320458476041914	0.651330376940133
k__Unassigned|p__Unassigned|c__Unassigned|o__Unassigned|f__Lachnospiraceae|g__Lachnoclostridium_10	0.282383202393268	0.0343315903449004	0.0461920434205208	0	0.0614180426212649	0.0979090384795933	0.165702673128029	0.0699920675656759	0	0.0825005156282227	0.0893201518442581	0.123152709359606	0.117448022259197	0.101482307142025	0.050427916894793	0.180701120346946	0.0181670812487772	0.21125737750373	0.0209506350661254	0.027486791069847	0.018750167412209	0.159620559128016	0.0798020908147793	0.113406485624962	0.138111290969304	0.1157523905385	0.177903400116385	0.185114037232371	0.0166552855548708	0.122466080118599	0.139735190360563	0.0936217202390955	0.156879030118467	0.298803390161829	0.127166061921394	0.233277900960828
k__Unassigned|p__Unassigned|c__Unassigned|o__Unassigned|f__Lachnospiraceae|g__Lachnospiraceae_AC2044_group	0	0.202028204721914	0.353657832438363	0	0.896989087584985	1.21648627261632	0.287634828826012	0.51327516214829	0	1.18500740629629	0.253750431375733	1.22233659289758	0.171977461165252	0.299455988287944	0.27951473935971	0.400433682688833	0.0335392269208195	0.942736047110395	0.489721094670682	0.302354701768317	0.447325422548416	0.332922880467004	0.359109408666507	0.275853613682339	0.117320343941667	0.239892635463848	0.111397456147643	0.209563061017778	0.0299795139987675	0.114409101163428	0.155770376139644	0.156036200398492	0.286073525510145	0.249933676817604	0.266200956288786	0.438839615668884
k__Unassigned|p__Unassigned|c__Unassigned|o__Unassigned|f__Lachnospiraceae|g__Lachnospiraceae_UCG-004	0	0	0.353657832438362	0	0.00571330629035023	0	0	0	0	0.165001031256445	0	0	0	0.224591991215958	2.21594674811976	0	0	1.68345722698285	0	0	0	0.0912117480731518	0	0.318764175810703	0	0	0	0	0	0	0.013744444953498	0.00480111385841515	0	0	0	0
k__Unassigned|p__Unassigned|c__Unassigned|o__Unassigned|f__Lachnospiraceae|g__Lachnospiraceae_UCG-008	0	0	0	0	0	0.00134121970519991	0	0	6.3953488372093	0	0.00203000345100587	0	0.00279638148236182	0.00166364437937746	0.00144079762556551	0.00289121792555114	0.00419240336510243	0.00528143443759325	0.00261882938326568	0.009162263689949	0.0107143813784052	0	0	0.00613008030405198	0.00148506764483122	0.00167757087736957	0	0.00174635884181482	0.00333105711097417	0	0	0	0	0.00139627752412069	0.00169554749228526	0
k__Unassigned|p__Unassigned|c__Unassigned|o__Unassigned|f__Lachnospiraceae|g__Marvinbryantia	3.69614449073168	0.0118840120424655	0	0	0	0	0	0	0.201181247692876	0	0	0	0	0	0	0	0	0	0	0	0	0	0	0	0.00148506764483122	0	0.00166264859921856	0.00174635884181482	0	0	0.00229074082558299	0	0	0	0.00169554749228526	0
k__Unassigned|p__Unassigned|c__Unassigned|o__Unassigned|f__Lachnospiraceae|g__Roseburia	0	0.209950879416891	0.173220162826953	0	0.161400902702394	0.190453198138387	0.206346725027357	0.200643927021604	0	0.448127800798755	0.298410507297862	0.319829424307036	0.374715118636484	0.60390290971402	0.331383453880068	0.481387784604265	0.416445400933508	0.376302203678519	0.455676312688228	0.461167272394099	0.358931776176573	0.37852875450358	0.195515122496209	0.236008091706001	0.496012593373628	0.422747861097131	0.379083880621831	0.401662533617408	0.101597241884712	0.294885429759257	0.38255371787236	0.254459034496003	0.205326965890346	0.184308633183932	0.398453660687036	0.746027346637103
k__Unassigned|p__Unassigned|c__Unassigned|o__Unassigned|f__Lachnospiraceae|g__Tyzzerella_4	3.7604495764252	0.573073469603338	0.702985160806051	0.00420627576343905	0.358509969719477	0.894593543368339	0.31577301860247	0.317297372964397	0.0073827980804725	0.851255320345752	0.570430969732649	0.395191530034556	0.520126955719299	0.683757839924138	3.36570325332104	2.0238525478858	1.79714357584058	0.979706088173548	1.2439439570512	1.92102128699264	1.48929901159832	1.09454097687782	0.602505785651584	1.16471525776988	2.21572092608818	1.79332326790807	0.894504946379583	1.1438650413887	0.134907812994454	1.84988236810725	1.99065377743162	2.06687951604772	0.529466726649825	0.693949929487985	1.63111668757842	1.85005543237251
k__Unassigned|p__Unassigned|c__Unassigned|o__Unassigned|f__Lachnospiraceae|g__Unassigned	6.87505242262421	1.76411556541488	2.03678041457359	0	1.07410158258584	2.71596990302982	1.37877129904643	0.867901637814381	0.217792543373939	1.71751073444209	1.55295264001949	1.54216601720462	1.35624501894548	1.02314129331714	0.700227646024839	1.39790386700398	1.06347298694765	2.06768158231776	0.989917506874427	1.09641755489723	1.00447325422548	1.08998038947416	0.706248503710797	1.26279654263471	1.81178252669409	1.4058043952357	0.699975060271012	1.65205546435682	0.666211422194834	1.69035418479487	1.66307783937325	1.90604220179082	1.34154641196895	2.34853879557101	1.47682186578046	1.84543606799704
k__Unassigned|p__Unassigned|c__Unassigned|o__Unassigned|f__Methanobacteriaceae|g__Methanobrevibacter	1.34900886291833	1.13030158981672	1.11438304752006	0.398194105605564	0.332800091412901	0.712187663461152	0.540878536814132	1.76846624049274	1.01698043558509	0.170626066412915	1.72347292990398	1.56054701860157	0.341158540848143	0.207955547422183	1.19442123159381	0.335381279363932	0.641437714860672	0.454203361633019	16.1503208065994	5.24386891854748	7.07952749578121	0.209787020568249	0.690288085547841	0.275853613682339	0.304438867190401	0.654252642174132	0.611854684512428	2.72781251091474	2.00196532369547	0.124077475909633	0.201585192651303	0.24725736370838	1.15467580256313	0.721875479970399	1.07836820509342	1.53824833702882
k__Unassigned|p__Unassigned|c__Unassigned|o__Unassigned|f__Methanobacteriaceae|g__Methanosphaera	0.813599127687533	1.50134685469815	1.10572203937872	0.231345166989148	0.107124492944067	1.02335063506753	0.0125058621228701	0.130651859455928	0.276854928017719	0.0806255039093994	0.996731694443881	0.270200720535255	0.588638302037164	0.158046216040859	1.39757369679855	1.10444524756053	1.53441963162749	0.599442808666834	0.659945004582951	0.308462877561616	0.717863552353146	0.415013453732841	0.518713590296066	0.156317047753326	0.227215349659177	0.161046804227479	0.0980962673538948	0.403408892459223	0.193201312436502	0.111186309581359	0.224492600907133	0.244856806779173	0.318372149358065	0.277859227300018	0.230594458950795	0.196322985957132
k__Unassigned|p__Unassigned|c__Unassigned|o__Unassigned|f__Micrococcaceae|g__Arthrobacter	0.00419380993653368	0.0277293614324196	0.0346440325653906	39.1281792434312	0.104267839798892	8.29142021754584	0.00312646553071752	0.00933227567542345	0.00369139904023625	0.00187501171882324	0.0060900103530176	0.0183810013969561	0.00978733518826638	0.00332728875875493	0.0230527620090482	0.00144560896277557	0.0139746778836748	0.00132035860939831	0	0	0	0	0	0	0	0	0.00332529719843711	0	0	0	0	0.00240055692920758	0.00230704456056569	0	0.00169554749228526	0
k__Unassigned|p__Unassigned|c__Unassigned|o__Unassigned|f__Nocardiaceae|g__Rhodococcus	0	0	0	8.58921510894254	0.00142832657258756	0	0.00312646553071752	0	0	0	0	0	0	0	0	0	0	0	0	0	0	0	0	0	0	0	0	0	0	0	0	0	0	0	0	0
k__Unassigned|p__Unassigned|c__Unassigned|o__Unassigned|f__Prevotellaceae|g__Prevotellaceae_UCG-004	2.93287108228255	0.537421433475942	2.03100640914602	0.0224334707383416	4.21784836885105	4.3723762389517	0.537752071283414	0	0	0.350627191419946	0.682081159537971	0	0.717271850225808	0.956595518142042	1.1612828862058	0.380195157209975	3.59149221610442	2.39777123466734	0.379730260573524	0.604709403536634	0.238394985669515	2.00665845760934	1.48032878461416	1.97695089805676	1.28012830984451	6.78241905720517	2.55216559980048	2.59508923893682	3.61752802251795	1.62267556157143	1.50730746323361	0.77297933120484	2.06365135942601	5.26815509850738	4.3016039879277	4.3930155210643
k__Unassigned|p__Unassigned|c__Unassigned|o__Unassigned|f__Pseudomonadaceae|g__Pseudomonas	0	0.00396133734748851	0	2.93598048288046	0	0	0	0	0	0	0.00203000345100587	0.0165429012572605	0.00139819074118091	9.64414646725116	0	0	0.00279493557673496	0.0475329099383393	0	0	0	0	0	0	0	0	0	0	0.00166552855548708	0	0	0	0.0207634010450912	0.00977394266884486	0.00508664247685578	0
k__Unassigned|p__Unassigned|c__Unassigned|o__Unassigned|f__Rhizobiaceae|g__Rhizobium	0	0.0092431204774732	0	0	0	0	0	0	0	0	0	0.00183810013969561	0.0139819074118091	13.557038047547	0	0.00144560896277557	0	0	0	0	0	0	0	0	0	0	0	0	0	0	0	0	0	0	0	0
k__Unassigned|p__Unassigned|c__Unassigned|o__Unassigned|f__Rikenellaceae|g__Alistipes	4.919339055554	0.212591770981883	4.30740804896357	0.0224334707383416	1.10980974690053	2.34713448409984	3.21400656557761	2.9443329755961	7.15946843853821	1.42500890630566	0.66787113538093	4.25887802367473	1.18706393926259	0.801876590859938	1.24052675561191	0.146006505240332	1.22418178260991	2.10333126477151	1.20728034568548	1.88437223223284	1.42233412798329	1.89720435992156	3.01651903279866	1.39765830932385	0.675705778398206	1.71615500754907	1.00756505112644	0.972721874890853	1.46066854316217	0.752521834412968	0.588720392174829	0.765777660417217	2.36818124142068	1.39488124659657	0.81555834378921	0.628233555062823
k__Unassigned|p__Unassigned|c__Unassigned|o__Unassigned|f__Rikenellaceae|g__Rikenellaceae_RC9_gut_group	0	6.4477367559288	5.576245741671	0.0546815849247077	3.95075129977718	7.79919258573747	2.67000156323277	9.49092436190565	0	4.84878030487691	5.22319887943809	7.78619219175061	7.36846520602341	1.47565256450781	9.60579776964527	1.09288037585833	9.44129237821068	4.6199347742847	6.02592641089433	7.87649268545949	8.67061313047438	9.24431066721394	8.94182427579603	6.82584441856188	6.06056105855622	3.66884750880725	4.55399451325962	9.14917397226782	6.42560916706917	6.73563440652293	7.49072249965639	7.4153203543222	2.54697719486452	2.79115877071727	5.34436569568314	3.95417590539542
k__Unassigned|p__Unassigned|c__Unassigned|o__Unassigned|f__Ruminococcaceae|g__Ruminiclostridium_1	0.00139793664551123	0.518935192520995	0.0721750678445638	0	0.025709878306576	0.0657197655547955	0.168829138658746	0.111987308105081	0	0.585003656272852	0.509530866202473	0.126828909638997	0.0111855259294473	0.0266183100700394	0.00288159525113103	0.307914709071196	0.0698733894183739	1.0179964878461	0.0497577582820479	0.0427572305530953	0.0589290975812284	0.223468782779222	0.0199505227036948	0.205357690185741	0.0103954735138186	0.169434658614326	0.538698146146812	0.487234116866334	0.184873669659066	0.00805697895517097	0.0274888899069959	0.0288066831504909	0.0934353047029103	0.304388500258311	0.052561972260843	0.0993163340724316
k__Unassigned|p__Unassigned|c__Unassigned|o__Unassigned|f__Ruminococcaceae|g__Ruminiclostridium_5	0	0.476680927481118	0.235290721173278	0.0028041838422927	0.295663600525624	0.248125645461983	0.92230733156167	0.629928608091083	0	0.247501546884668	0.513590873104484	1.01279317697228	0.335565777883419	0.321083365219851	0.448088061550875	0.763281532345501	0.405265658626569	0.0580957788135258	0.413775042555977	0.72687291940262	0.650898668738114	0.323801705659689	0.367089617747985	0.180837368969534	0.295528461321413	0.66096292568361	0.693324465874137	0.490726834549963	0.466347995536384	0.285217055013052	0.171805561918725	0.240055692920758	0.725565514297909	0.571077507365364	0.549357387500424	0.655949741315595
k__Unassigned|p__Unassigned|c__Unassigned|o__Unassigned|f__Ruminococcaceae|g__Ruminococcaceae_UCG-002	0	0.455553794961179	0.653906114671748	0.0140209192114635	0.50277095355082	0.187770758727987	0.112552759105831	0	0	0.2662516640729	0.261870445179757	0	0.0307601963059801	0.291137766391056	0.0302567501368758	0.196602818937477	0	0.224460963597713	0	0	0	0.118575272495097	0.0319208363259117	0.00306504015202599	0.0193058793828059	0	0	0	0	0.041896290566889	0.00916296330233198	0.0192044554336606	0.197252309928366	0.0349069381030174	0.00847773746142629	0
k__Unassigned|p__Unassigned|c__Unassigned|o__Unassigned|f__Ruminococcaceae|g__Ruminococcaceae_UCG-005	21.7351189644085	4.67437807003644	6.47699058837115	0.0687025041361712	7.88293435411072	3.94989203181373	5.23995622948257	15.0342961131072	5.40605389442599	10.7325670785442	4.19195712632711	9.40004411440335	11.9685127445086	6.22369362325109	5.15661470189897	8.64185037947235	10.3538388440146	7.53264586661737	8.42477412596569	7.65354426900406	10.3688425789516	11.7435125644183	14.8352086824675	11.3130632011279	11.3444317388657	4.03959067270592	10.4630476348824	9.14917397226782	15.664296064356	12.0516291211447	16.1382691162322	15.1403125525122	10.2501989825933	7.38491182507435	8.499779578826	10.0471175166297
k__Unassigned|p__Unassigned|c__Unassigned|o__Unassigned|f__Ruminococcaceae|g__Ruminococcaceae_UCG-009	0.0657030223390276	0.215232662546876	0.129915122120215	0	0.36850825572759	0.118027334057592	0.253243707988119	0.125985721618217	0	0.937505859411621	0.253750431375733	0.312477023748254	0.317389298248067	0.141409772247084	0.148402155433248	0.0375858330321648	0.109002487492663	0.400068658647689	0.120466151630221	0.140488043245885	0.128572576540862	0.428695215943814	0.167584390711037	0.291178814442469	0.31631940834905	0.456299278644523	0.232770803890598	0.401662533617408	0.511317266534535	0.285217055013052	0.17638704356989	0.3168735146554	0.376048263372207	0.52360407154526	0.869815863542338	0.919253510716925
k__Unassigned|p__Unassigned|c__Unassigned|o__Unassigned|f__Ruminococcaceae|g__Ruminococcaceae_UCG-013	0	1.16331273437913	0.567296033258271	0	0.405644746614866	0.789978406362746	0.465843364076911	0.51327516214829	0	0.656254101588135	1.60370272629463	0.729725755459157	0.865480068790984	0.384301851636194	0.580641443102902	2.08745934224792	0.424830207663713	0.386865072553706	0.335210161058007	0.525303118223742	0.460718399271422	2.80932184065308	0.391030244992419	0.576227548580886	1.07221883956814	0.607280657607784	0.83963754260537	0.717753483985889	0.604586865641811	0.920106996680525	1.04228707564026	1.3323090957102	1.53418463277618	0.726064312542761	0.85455593611177	0.792220990391722
k__Unassigned|p__Unassigned|c__Unassigned|o__Unassigned|f__Ruminococcaceae|g__Ruminococcaceae_UCG-014	0	0.485924047958591	0.467694439632773	0.0028041838422927	0.777009655487631	0.527099344143564	0.115679224636548	0.0699920675656759	0	0.0993756210976319	0.164430279531475	0.110286008381737	1.16189650592134	0.271174033838527	1.03017030227934	3.33357426816046	1.25352860616563	0.402709375866485	0.172842739295535	0.0427572305530953	0.246430771703319	0.11401468509144	0.418960976777592	0.217617850793845	0.403938399394092	0.0201308505284348	0.537035497547593	0.312598232684852	0.111590413217635	0.456025008862677	0.3367389013607	0.240055692920758	0.560611828217462	0.291822002541225	0.559530672454135	0.510439763488544
k__Unassigned|p__Unassigned|c__Unassigned|o__Unassigned|f__Ruminococcaceae|g__[Eubacterium]_coprostanoligenes_group	0.06849889563005	5.22764485290234	1.29193371441769	0.166848938616416	1.90395932125921	3.17198460279778	1.70392371424105	1.53049321076945	4.24695459579181	3.19314495715598	4.04376687440369	2.99058892728476	2.53771619524335	4.24894774493004	1.24052675561191	6.49945789663896	1.6713714748875	3.65607298942393	2.96713369124002	3.12433191827261	3.33485120402861	2.03402198203129	2.0269731066954	1.45282903206032	3.5671324828846	3.32326790806912	1.2004322886358	1.09147427613426	0.975999733515431	2.67975120048986	2.20369267421084	2.43176416928727	1.59416779135089	1.23710188637094	1.87188443148293	2.18726903178123
k__Unassigned|p__Unassigned|c__Unassigned|o__Unassigned|f__Unassigned|g__Unassigned	0.00978555651857858	0.216553108329372	0.538426006120446	0.0084125515268781	0.815574472947495	0.193135637548787	0.284508363295295	0.485278335122019	0	0.223126394539966	0.255780434826739	0.0863907065656937	0.262859859342011	0.231246568733468	0.0835662622827998	1.05818576075172	0.093630341820621	0.182209488096967	0.138797957313081	0.149650306935834	0.233037794980312	0.702330460163269	0.554624531162716	0.260528412922209	0.24355109375232	0.161046804227479	0.473854850777288	0.609479235793371	0.577938408754018	0.272325888684779	0.556650020616667	0.621744244664762	0.0922817824226275	0.471941803152795	0.194987961612805	0.196322985957132
k__Unassigned|p__Unassigned|c__Unassigned|o__Unassigned|f__Verrucomicrobiaceae|g__Akkermansia	0	5.6224581418687	1.86067324903285	0.0210313788171953	0.44420956407473	12.2386298099492	9.89526340472096	8.63702113760441	0	0.241876511728198	3.70475629808571	1.72781413131387	4.23232337355462	0.0915004408657605	15.2537244618621	2.74810263823636	1.38069817490707	1.75079551606216	5.15123739688359	0.109947164279388	1.21608228644899	0.209787020568249	0.997526135184742	3.1600563967388	4.6185603754251	0.00838785438684784	4.70695818438773	5.64073905906186	0.0566279708865608	2.62657513938574	2.27241489897833	1.0466428211345	0.136115629073376	0.199667685949259	0.715521041744379	0.217110125646711
