Class	OW	OW	OW	OW	OW	OW	OW	OW	OW	OW	OW	OW	OC	OC	OC	OC	OC	OC	OC	OC	OC	OC	OC	OC
k__Archaea	2.21153577319876	2.81651085406433	2.2994976615278	0.651972743333053	0.788436268068331	1.75297415469628	0.684695951227138	1.93644720265037	1.71650055370986	0.373127332045825	3.03688516270478	1.87486214248952	0.477272727272727	7.49788230604415	0.622788068207933	0.428730036723888	1.36751640438999	1.03091060985798	0.0376170307623718	0.557776331690992	0.880718255664814	0.234188119971228	0.522381056648628	0.652360515021459
k__Bacteria	63.0022087398999	42.1565520519727	31.2647958889081	69.5788115868876	29.4306690281666	48.7734545795947	35.5010161012975	47.0813307825113	63.2871908453304	30.9901936887106	44.6174458496579	40.1698404529079	36.0965909090909	20.9427475210524	29.4778691915246	26.9450849773678	36.7574473027118	27.5906432748538	26.3765046812305	34.9772241331226	33.0782385634887	33.9589501681136	41.3588163533423	32.3476394849785
k__Archaea|p__Euryarchaeota	2.21153577319876	2.81651085406433	2.2994976615278	0.651972743333053	0.788436268068331	1.75297415469628	0.684695951227138	1.93644720265037	1.71650055370986	0.373127332045825	3.03688516270478	1.87486214248952	0.477272727272727	7.49788230604415	0.622788068207933	0.428730036723888	1.36751640438999	1.03091060985798	0.0376170307623718	0.557776331690992	0.880718255664814	0.234188119971228	0.522381056648628	0.652360515021459
k__Bacteria|p__Actinobacteria	0.00419380993653368	0.0316906987799081	0.0447485420636295	54.9535907574101	0.158544249557219	9.37780817875776	0.00937939659215257	0.0139984135131352	0.00369139904023625	0.00187501171882324	0.0060900103530176	0.0202191015366517	0.00378787878787879	0.0124570232697195	0.011490554763984	0.0017080877957127	3.03989315370768	0.100250626566416	0.00278644672313865	0.0371850887793995	1.38948268490808	0.27266188253793	0.0125121211173324	0.253218884120172
k__Bacteria|p__Bacteroidetes	18.187155758101	20.3652353034384	16.8976268837693	1.1342923642074	13.1206078957893	13.6603226974611	11.0801938408629	18.4265783211236	42.984496124031	7.54317214482591	26.6884553703741	20.3330637453128	11.3731060606061	7.09676615675918	10.8723629176817	13.8389273208643	14.7465303989315	11.9415204678363	9.45302050824788	10.5791577577391	13.6425823001283	14.3657683879493	21.2580937783478	9.77682403433476
k__Bacteria|p__Fibrobacteres	0	0	0	0	0.207107353025196	0	0	0	0	0	0	0	5.26325757575758	0.00124570232697195	0	0	0	0	0	0	0	0	0	0
k__Bacteria|p__Firmicutes	44.8010736153438	14.0574658004542	13.3552745539581	7.17730854434817	14.6617722676113	13.4564573022707	14.1159918711896	19.5137884373104	20.297157622739	20.3401271257945	12.7646616999249	17.9839717667819	12.3844696969697	12.1792316508047	10.4541067242726	12.7440430438125	12.6386388711457	12.5597326649958	14.1509696834597	14.209352049828	15.9512612227448	14.6635218547699	16.0374112421408	15.5579399141631
k__Bacteria|p__Proteobacteria	0	0.0673427349073047	0.0360875339222819	6.28417599057794	0	0.0469426896819968	0	0	0.00184569952011812	0.00375002343764649	0.0324800552160939	0.0183810013969561	0	0.0772335442722607	0.360803419589098	0	0.0406480459903606	0	0.0626950512706197	0	1.16716545532279	0.294407922249544	1.92373862178986	0.0429184549356223
k__Bacteria|p__Unassigned	0.00978555651857858	0.216553108329372	0.538426006120446	0.0084125515268781	0.815574472947495	0.193135637548787	0.284508363295295	0.485278335122019	0	0.223126394539966	0.255780434826739	0.0863907065656937	0.191287878787879	0.276545916587772	0.298754423863584	0.160560252796994	0.505197143023053	0.0885547201336675	0.592119928666964	0.250999349260946	0.26507054296708	0.260952476539369	0.378491663799306	1.68669527896996
k__Bacteria|p__Verrucomicrobia	0	7.41826440606349	0.392632369074427	0.0210313788171953	0.467062789236131	12.0387880738744	10.0109426293575	8.64168727544212	0	2.87814298839368	4.86997827896307	1.72781413131387	6.88068181818182	1.29926752703174	7.48035115135359	0.199846272098386	5.78653968991348	2.90058479532164	2.11491306286224	9.90052988751511	0.6626763574177	4.10163764406751	1.74856892614721	5.03004291845494
k__Archaea|p__Euryarchaeota|c__Methanobacteria	2.21153577319876	2.81651085406433	2.2994976615278	0.651972743333053	0.788436268068331	1.75297415469628	0.684695951227138	1.93644720265037	1.71650055370986	0.373127332045825	3.03688516270478	1.87486214248952	0.477272727272727	7.49788230604415	0.622788068207933	0.428730036723888	1.36751640438999	1.03091060985798	0.0376170307623718	0.557776331690992	0.880718255664814	0.234188119971228	0.522381056648628	0.652360515021459
k__Bacteria|p__Actinobacteria|c__Actinobacteria	0.00419380993653368	0.0316906987799081	0.0447485420636295	54.9535907574101	0.158544249557219	9.37780817875776	0.00937939659215257	0.0139984135131352	0.00369139904023625	0.00187501171882324	0.0060900103530176	0.0202191015366517	0.00378787878787879	0.0124570232697195	0.011490554763984	0.0017080877957127	3.03989315370768	0.100250626566416	0.00278644672313865	0.0371850887793995	1.38948268490808	0.27266188253793	0.0125121211173324	0.253218884120172
k__Bacteria|p__Bacteroidetes|c__Bacteroidia	18.187155758101	20.3652353034384	16.8976268837693	1.1342923642074	13.1206078957893	13.6603226974611	11.0801938408629	18.4265783211236	42.984496124031	7.54317214482591	26.6884553703741	20.3330637453128	11.3731060606061	7.09676615675918	10.8723629176817	13.8389273208643	14.7465303989315	11.9415204678363	9.45302050824788	10.5791577577391	13.6425823001283	14.3657683879493	21.2580937783478	9.77682403433476
k__Bacteria|p__Fibrobacteres|c__Fibrobacteria	0	0	0	0	0.207107353025196	0	0	0	0	0	0	0	5.26325757575758	0.00124570232697195	0	0	0	0	0	0	0	0	0	0
k__Bacteria|p__Firmicutes|c__Bacilli	0	0	0	6.92072572277839	0	0	0	0	0	0	0	0	0	0	0	0	0.00580686371290866	0	0	0	0	0.00167277228550877	0	0
k__Bacteria|p__Firmicutes|c__Clostridia	44.8010736153438	13.9333438968996	12.3563716149893	0.256582821569782	14.60035422499	13.4564573022707	13.9815538533688	19.5137884373104	20.297157622739	20.197626235164	12.6124114410995	17.9839717667819	11.9166666666667	11.6062085803976	10.1070919704003	12.33068579725	12.333778526218	12.1002506265664	13.7371823450736	14.1489262805615	15.1603249251817	14.1533263076897	15.9967468485095	15.2317596566524
k__Bacteria|p__Firmicutes|c__Negativicutes	0	0.12412190355464	0.998902938968763	0	0.0614180426212649	0	0.134438017820854	0	0	0.142500890630566	0.15225025882544	0	0.46780303030303	0.573023070407096	0.347014753872317	0.413357246562473	0.299053481214796	0.459482038429407	0.41378733838609	0.0604257692665241	0.790936297563061	0.508522774794667	0.0406643936313304	0.32618025751073
k__Bacteria|p__Proteobacteria|c__Gammaproteobacteria	0	0.0673427349073047	0.0360875339222819	6.28417599057794	0	0.0469426896819968	0	0	0.00184569952011812	0.00375002343764649	0.0324800552160939	0.0183810013969561	0	0.0772335442722607	0.360803419589098	0	0.0406480459903606	0	0.0626950512706197	0	1.16716545532279	0.294407922249544	1.92373862178986	0.0429184549356223
k__Bacteria|p__Unassigned|c__Unassigned	0.00978555651857858	0.216553108329372	0.538426006120446	0.0084125515268781	0.815574472947495	0.193135637548787	0.284508363295295	0.485278335122019	0	0.223126394539966	0.255780434826739	0.0863907065656937	0.191287878787879	0.276545916587772	0.298754423863584	0.160560252796994	0.505197143023053	0.0885547201336675	0.592119928666964	0.250999349260946	0.26507054296708	0.260952476539369	0.378491663799306	1.68669527896996
k__Bacteria|p__Verrucomicrobia|c__Verrucomicrobiae	0	7.41826440606349	0.392632369074427	0.0210313788171953	0.467062789236131	12.0387880738744	10.0109426293575	8.64168727544212	0	2.87814298839368	4.86997827896307	1.72781413131387	6.88068181818182	1.29926752703174	7.48035115135359	0.199846272098386	5.78653968991348	2.90058479532164	2.11491306286224	9.90052988751511	0.6626763574177	4.10163764406751	1.74856892614721	5.03004291845494
k__Archaea|p__Euryarchaeota|c__Methanobacteria|o__Methanobacteriales	2.21153577319876	2.81651085406433	2.2994976615278	0.651972743333053	0.788436268068331	1.75297415469628	0.684695951227138	1.93644720265037	1.71650055370986	0.373127332045825	3.03688516270478	1.87486214248952	0.477272727272727	7.49788230604415	0.622788068207933	0.428730036723888	1.36751640438999	1.03091060985798	0.0376170307623718	0.557776331690992	0.880718255664814	0.234188119971228	0.522381056648628	0.652360515021459
k__Bacteria|p__Actinobacteria|c__Actinobacteria|o__Corynebacteriales	0	0	0	8.58921510894254	0.00142832657258756	0	0.00312646553071752	0	0	0	0	0	0	0	0	0	0	0	0	0	0.00427533133817871	0	0	0
k__Bacteria|p__Actinobacteria|c__Actinobacteria|o__Micrococcales	0.00419380993653368	0.0316906987799081	0.0447485420636295	46.3643756484675	0.157115922984631	9.37780817875776	0.00625293106143505	0.0139984135131352	0.00369139904023625	0.00187501171882324	0.0060900103530176	0.0202191015366517	0.00378787878787879	0.0124570232697195	0.011490554763984	0.0017080877957127	3.03989315370768	0.100250626566416	0.00278644672313865	0.0371850887793995	1.3852073535699	0.27266188253793	0.0125121211173324	0.253218884120172
k__Bacteria|p__Bacteroidetes|c__Bacteroidia|o__Bacteroidales	18.187155758101	20.3652353034384	16.8976268837693	1.1342923642074	13.1206078957893	13.6603226974611	11.0801938408629	18.4265783211236	42.984496124031	7.54317214482591	26.6884553703741	20.3330637453128	11.3731060606061	7.09676615675918	10.8723629176817	13.8389273208643	14.7465303989315	11.9415204678363	9.45302050824788	10.5791577577391	13.6425823001283	14.3657683879493	21.2580937783478	9.77682403433476
k__Bacteria|p__Fibrobacteres|c__Fibrobacteria|o__Fibrobacterales	0	0	0	0	0.207107353025196	0	0	0	0	0	0	0	5.26325757575758	0.00124570232697195	0	0	0	0	0	0	0	0	0	0
k__Bacteria|p__Firmicutes|c__Bacilli|o__Bacillales	0	0	0	6.92072572277839	0	0	0	0	0	0	0	0	0	0	0	0	0.00580686371290866	0	0	0	0	0.00167277228550877	0	0
k__Bacteria|p__Firmicutes|c__Clostridia|o__Clostridiales	44.8010736153438	13.9333438968996	12.3563716149893	0.256582821569782	14.60035422499	13.4564573022707	13.9815538533688	19.5137884373104	20.297157622739	20.197626235164	12.6124114410995	17.9839717667819	11.9166666666667	11.6062085803976	10.1070919704003	12.33068579725	12.333778526218	12.1002506265664	13.7371823450736	14.1489262805615	15.1603249251817	14.1533263076897	15.9967468485095	15.2317596566524
k__Bacteria|p__Firmicutes|c__Negativicutes|o__Selenomonadales	0	0.12412190355464	0.998902938968763	0	0.0614180426212649	0	0.134438017820854	0	0	0.142500890630566	0.15225025882544	0	0.46780303030303	0.573023070407096	0.347014753872317	0.413357246562473	0.299053481214796	0.459482038429407	0.41378733838609	0.0604257692665241	0.790936297563061	0.508522774794667	0.0406643936313304	0.32618025751073
k__Bacteria|p__Proteobacteria|c__Gammaproteobacteria|o__Enterobacteriales	0	0.0633813975598162	0.0360875339222819	0.636549732200443	0	0.0469426896819968	0	0	0.00184569952011812	0.00375002343764649	0.030450051765088	0.00183810013969561	0	0.0772335442722607	0.360803419589098	0	0.0348411822774519	0	0.0626950512706197	0	1.16716545532279	0.294407922249544	1.92373862178986	0.0429184549356223
k__Bacteria|p__Proteobacteria|c__Gammaproteobacteria|o__Pseudomonadales	0	0.00396133734748851	0	5.6476262583775	0	0	0	0	0	0	0.00203000345100587	0.0165429012572605	0	0	0	0	0.00580686371290866	0	0	0	0	0	0	0
k__Bacteria|p__Unassigned|c__Unassigned|o__Unassigned	0.00978555651857858	0.216553108329372	0.538426006120446	0.0084125515268781	0.815574472947495	0.193135637548787	0.284508363295295	0.485278335122019	0	0.223126394539966	0.255780434826739	0.0863907065656937	0.191287878787879	0.276545916587772	0.298754423863584	0.160560252796994	0.505197143023053	0.0885547201336675	0.592119928666964	0.250999349260946	0.26507054296708	0.260952476539369	0.378491663799306	1.68669527896996
k__Bacteria|p__Verrucomicrobia|c__Verrucomicrobiae|o__Verrucomicrobiales	0	7.41826440606349	0.392632369074427	0.0210313788171953	0.467062789236131	12.0387880738744	10.0109426293575	8.64168727544212	0	2.87814298839368	4.86997827896307	1.72781413131387	6.88068181818182	1.29926752703174	7.48035115135359	0.199846272098386	5.78653968991348	2.90058479532164	2.11491306286224	9.90052988751511	0.6626763574177	4.10163764406751	1.74856892614721	5.03004291845494
k__Archaea|p__Euryarchaeota|c__Methanobacteria|o__Methanobacteriales|f__Methanobacteriaceae	2.21153577319876	2.81651085406433	2.2994976615278	0.651972743333053	0.788436268068331	1.75297415469628	0.684695951227138	1.93644720265037	1.71650055370986	0.373127332045825	3.03688516270478	1.87486214248952	0.477272727272727	7.49788230604415	0.622788068207933	0.428730036723888	1.36751640438999	1.03091060985798	0.0376170307623718	0.557776331690992	0.880718255664814	0.234188119971228	0.522381056648628	0.652360515021459
k__Bacteria|p__Actinobacteria|c__Actinobacteria|o__Corynebacteriales|f__Nocardiaceae	0	0	0	8.58921510894254	0.00142832657258756	0	0.00312646553071752	0	0	0	0	0	0	0	0	0	0	0	0	0	0.00427533133817871	0	0	0
k__Bacteria|p__Actinobacteria|c__Actinobacteria|o__Micrococcales|f__Micrococcaceae	0.00419380993653368	0.0316906987799081	0.0447485420636295	46.3643756484675	0.157115922984631	9.37780817875776	0.00625293106143505	0.0139984135131352	0.00369139904023625	0.00187501171882324	0.0060900103530176	0.0202191015366517	0.00378787878787879	0.0124570232697195	0.011490554763984	0.0017080877957127	3.03989315370768	0.100250626566416	0.00278644672313865	0.0371850887793995	1.3852073535699	0.27266188253793	0.0125121211173324	0.253218884120172
k__Bacteria|p__Bacteroidetes|c__Bacteroidia|o__Bacteroidales|f__Bacteroidaceae	9.15089328151648	0.899223577879892	4.47341070500606	1.04175429741174	3.64794606638862	0.901299641894339	1.88213224949195	2.92566842424525	33.6064968623108	0.946880918005737	2.70396459673981	5.11359458863319	1.52840909090909	1.643081369276	2.95766879624948	2.78759928260313	2.64792985308635	2.27067669172932	2.48690370040125	2.41703077066096	3.84779820436084	4.80587477626671	5.05802496168163	2.63090128755365
k__Bacteria|p__Bacteroidetes|c__Bacteroidia|o__Bacteroidales|f__Bacteroidales_Incertae_Sedis	0	0	0	0	0	0	0.0312646553071752	0	0	0.0525003281270508	0	0	0	0	0	0	0	0	0	0	2.09063702436939	0.0736019805623861	0	1.66094420600858
k__Bacteria|p__Bacteroidetes|c__Bacteroidia|o__Bacteroidales|f__Bacteroidales_S24-7_group	0	10.509427982887	0.379640856862405	0.0028041838422927	1.06410329657773	0.059013667028796	0.0781616382679381	2.30507209182959	0	0.142500890630566	16.1994275390268	2.32887287699434	0.854166666666667	0.0797249489262046	0.595210736774371	1.20249380818174	1.42558504151908	0.474519632414369	0.0278644672313865	0.185925443896997	0.123984608807183	2.86378615279102	0.0344083330726641	0.171673819742489
k__Bacteria|p__Bacteroidetes|c__Bacteroidia|o__Bacteroidales|f__Prevotellaceae	2.93147314563704	0.562509903343369	2.42363877822045	0.0154230111326099	4.19356681711707	2.55099987929023	0.481475691730499	0	0	0.290626816417603	0.722681228558089	0	1.71401515151515	1.96571827196173	0.535459852001655	4.69553335041421	3.25184367922885	2.71010860484545	2.51894783771734	1.9196802082365	2.82599401453613	1.36163664040414	4.26663330101035	0.751072961373391
k__Bacteria|p__Bacteroidetes|c__Bacteroidia|o__Bacteroidales|f__Rikenellaceae	6.10478933094752	8.39407383932816	9.62093654368035	0.0743108718207566	4.21499171570588	10.1490095092477	8.60715960606534	13.1958378050488	9.37799926172019	6.11066319164495	7.06238200604941	12.8905962796853	7.27651515151515	3.40824156659525	6.78402353265616	5.15330087966522	7.42117182509726	6.48621553884712	4.4193045028979	6.05652133494469	4.75416844805472	5.26086883792509	11.8990271825831	4.56223175965665
k__Bacteria|p__Fibrobacteres|c__Fibrobacteria|o__Fibrobacterales|f__Fibrobacteraceae	0	0	0	0	0.207107353025196	0	0	0	0	0	0	0	5.26325757575758	0.00124570232697195	0	0	0	0	0	0	0	0	0	0
k__Bacteria|p__Firmicutes|c__Bacilli|o__Bacillales|f__Planococcaceae	0	0	0	6.92072572277839	0	0	0	0	0	0	0	0	0	0	0	0	0.00580686371290866	0	0	0	0	0.00167277228550877	0	0
k__Bacteria|p__Firmicutes|c__Clostridia|o__Clostridiales|f__Christensenellaceae	4.53910028797495	0.233718903501822	0.115480108551302	0	0.0856995943552534	0.014753416757199	0.121932155697983	0.0606597918902524	0	0.315001968762305	0.188790320943546	0.0900669068450849	0.0625	0.069759330310429	0.034471664291952	0.155435989409856	0.0900063875500842	0.0902255639097744	0.0961324119482835	0.167332899507298	0.393330483112441	0.0920024757029825	0.134505302011323	0.175965665236052
k__Bacteria|p__Firmicutes|c__Clostridia|o__Clostridiales|f__Lachnospiraceae	17.9243436687449	1.86975122801458	2.65748599803684	0.00420627576343905	3.35371079243558	5.07785780388685	2.27294044083164	1.66581120806309	10.6423034330011	3.77439858999119	1.94880331296563	3.3508565546651	2.57765151515152	2.66580297971997	1.05713103828653	3.67068067298659	1.70141106788224	1.86967418546366	2.47018502006242	2.69591893650646	2.02650705429671	4.12003813920811	5.05802496168163	3.44206008583691
k__Bacteria|p__Firmicutes|c__Clostridia|o__Clostridiales|f__Ruminococcaceae	22.3376296586239	11.8298737653832	9.58340550840118	0.252376545806343	11.1609438381992	8.36384608162663	11.5866812568391	17.7873174373571	9.65485418973791	16.1082256764105	10.4748178071903	14.5430483052717	9.27651515151515	8.87064627036723	9.01548926782185	8.50456913485353	10.5423610707857	10.140350877193	11.1708649130629	11.2856744445477	12.7404873877726	9.94128569277864	10.8042165848165	11.6137339055794
k__Bacteria|p__Firmicutes|c__Negativicutes|o__Selenomonadales|f__Acidaminococcaceae	0	0.12412190355464	0.998902938968763	0	0.0614180426212649	0	0.134438017820854	0	0	0.142500890630566	0.15225025882544	0	0.46780303030303	0.573023070407096	0.347014753872317	0.413357246562473	0.299053481214796	0.459482038429407	0.41378733838609	0.0604257692665241	0.790936297563061	0.508522774794667	0.0406643936313304	0.32618025751073
k__Bacteria|p__Proteobacteria|c__Gammaproteobacteria|o__Enterobacteriales|f__Enterobacteriaceae	0	0.0633813975598162	0.0360875339222819	0.636549732200443	0	0.0469426896819968	0	0	0.00184569952011812	0.00375002343764649	0.030450051765088	0.00183810013969561	0	0.0772335442722607	0.360803419589098	0	0.0348411822774519	0	0.0626950512706197	0	1.16716545532279	0.294407922249544	1.92373862178986	0.0429184549356223
k__Bacteria|p__Proteobacteria|c__Gammaproteobacteria|o__Pseudomonadales|f__Moraxellaceae	0	0	0	2.71164577549704	0	0	0	0	0	0	0	0	0	0	0	0	0	0	0	0	0	0	0	0
k__Bacteria|p__Proteobacteria|c__Gammaproteobacteria|o__Pseudomonadales|f__Pseudomonadaceae	0	0.00396133734748851	0	2.93598048288046	0	0	0	0	0	0	0.00203000345100587	0.0165429012572605	0	0	0	0	0.00580686371290866	0	0	0	0	0	0	0
k__Bacteria|p__Unassigned|c__Unassigned|o__Unassigned|f__Unassigned	0.00978555651857858	0.216553108329372	0.538426006120446	0.0084125515268781	0.815574472947495	0.193135637548787	0.284508363295295	0.485278335122019	0	0.223126394539966	0.255780434826739	0.0863907065656937	0.191287878787879	0.276545916587772	0.298754423863584	0.160560252796994	0.505197143023053	0.0885547201336675	0.592119928666964	0.250999349260946	0.26507054296708	0.260952476539369	0.378491663799306	1.68669527896996
k__Bacteria|p__Verrucomicrobia|c__Verrucomicrobiae|o__Verrucomicrobiales|f__Verrucomicrobiaceae	0	7.41826440606349	0.392632369074427	0.0210313788171953	0.467062789236131	12.0387880738744	10.0109426293575	8.64168727544212	0	2.87814298839368	4.86997827896307	1.72781413131387	6.88068181818182	1.29926752703174	7.48035115135359	0.199846272098386	5.78653968991348	2.90058479532164	2.11491306286224	9.90052988751511	0.6626763574177	4.10163764406751	1.74856892614721	5.03004291845494
k__Archaea|p__Euryarchaeota|c__Methanobacteria|o__Methanobacteriales|f__Methanobacteriaceae|g__Methanobrevibacter	1.39793664551123	1.31516399936619	1.19377562214908	0.420627576343905	0.681311775124264	0.72962351962875	0.672190089104268	1.80579534319444	1.43964562569214	0.292501828136426	2.0401534682609	1.60466142195427	0.414772727272727	5.47361602471473	0.551546628671232	0.382611666239645	1.2775100168399	0.97577276524645	0.0292576905929559	0.455517337547643	0.6626763574177	0.199059901975544	0.462948481341299	0.639484978540773
k__Archaea|p__Euryarchaeota|c__Methanobacteria|o__Methanobacteriales|f__Methanobacteriaceae|g__Methanosphaera	0.813599127687533	1.50134685469815	1.10572203937872	0.231345166989148	0.107124492944067	1.02335063506753	0.0125058621228701	0.130651859455928	0.276854928017719	0.0806255039093994	0.996731694443881	0.270200720535255	0.0625	2.02426628132941	0.0712414395367008	0.0461183704842429	0.0900063875500842	0.0551378446115288	0.00835934016941596	0.102258994143349	0.218041898247114	0.0351282179956842	0.059432575307329	0.0128755364806867
k__Bacteria|p__Actinobacteria|c__Actinobacteria|o__Corynebacteriales|f__Nocardiaceae|g__Rhodococcus	0	0	0	8.58921510894254	0.00142832657258756	0	0.00312646553071752	0	0	0	0	0	0	0	0	0	0	0	0	0	0.00427533133817871	0	0	0
k__Bacteria|p__Actinobacteria|c__Actinobacteria|o__Micrococcales|f__Micrococcaceae|g__Arthrobacter	0.00419380993653368	0.0316906987799081	0.0447485420636295	43.791536973164	0.157115922984631	9.37512573934736	0.00625293106143505	0.0139984135131352	0.00369139904023625	0.00187501171882324	0.0060900103530176	0.0202191015366517	0.00378787878787879	0.00747421396183168	0.011490554763984	0.0017080877957127	3.03989315370768	0.100250626566416	0.00278644672313865	0.0371850887793995	1.38093202223172	0.27266188253793	0.0125121211173324	0.253218884120172
k__Bacteria|p__Actinobacteria|c__Actinobacteria|o__Micrococcales|f__Micrococcaceae|g__Kocuria	0	0	0	2.57283867530355	0	0.00268243941039982	0	0	0	0	0	0	0	0.00498280930788779	0	0	0	0	0	0	0.00427533133817871	0	0	0
k__Bacteria|p__Bacteroidetes|c__Bacteroidia|o__Bacteroidales|f__Bacteroidaceae|g__Bacteroides	9.15089328151648	0.899223577879892	4.47341070500606	1.04175429741174	3.64794606638862	0.901299641894339	1.88213224949195	2.92566842424525	33.6064968623108	0.946880918005737	2.70396459673981	5.11359458863319	1.52840909090909	1.643081369276	2.95766879624948	2.78759928260313	2.64792985308635	2.27067669172932	2.48690370040125	2.41703077066096	3.84779820436084	4.80587477626671	5.05802496168163	2.63090128755365
k__Bacteria|p__Bacteroidetes|c__Bacteroidia|o__Bacteroidales|f__Bacteroidales_Incertae_Sedis|g__Phocaeicola	0	0	0	0	0	0	0.0312646553071752	0	0	0.0525003281270508	0	0	0	0	0	0	0	0	0	0	2.09063702436939	0.0736019805623861	0	1.66094420600858
k__Bacteria|p__Bacteroidetes|c__Bacteroidia|o__Bacteroidales|f__Bacteroidales_S24-7_group|g__Unassigned	0	10.509427982887	0.379640856862405	0.0028041838422927	1.06410329657773	0.059013667028796	0.0781616382679381	2.30507209182959	0	0.142500890630566	16.1994275390268	2.32887287699434	0.854166666666667	0.0797249489262046	0.595210736774371	1.20249380818174	1.42558504151908	0.474519632414369	0.0278644672313865	0.185925443896997	0.123984608807183	2.86378615279102	0.0344083330726641	0.171673819742489
k__Bacteria|p__Bacteroidetes|c__Bacteroidia|o__Bacteroidales|f__Prevotellaceae|g__Prevotellaceae_UCG-004	2.93147314563704	0.562509903343369	2.42363877822045	0.0154230111326099	4.19356681711707	2.55099987929023	0.481475691730499	0	0	0.290626816417603	0.722681228558089	0	1.71401515151515	1.96571827196173	0.535459852001655	4.69553335041421	3.25184367922885	2.71010860484545	2.51894783771734	1.9196802082365	2.82599401453613	1.36163664040414	4.26663330101035	0.751072961373391
k__Bacteria|p__Bacteroidetes|c__Bacteroidia|o__Bacteroidales|f__Rikenellaceae|g__Alistipes	6.10478933094752	0.190144192679449	4.34782608695652	0.00981464344802445	0.81843112609267	2.34713448409984	5.99343442238549	2.93033456208296	9.37799926172019	1.32750829692686	0.675991149184954	4.25520182339534	0.59469696969697	1.09497234540834	1.53743622742106	0.445810914681015	0.679403054410313	0.950710108604845	1.89478377173428	1.10160825508971	1.03890551517743	1.69953664207691	4.1477681503957	0.261802575107296
k__Bacteria|p__Bacteroidetes|c__Bacteroidia|o__Bacteroidales|f__Rikenellaceae|g__Rikenellaceae_RC9_gut_group	0	8.20392964664871	5.27311045672383	0.0644962283727321	3.39656058961321	7.80187502514787	2.61372518367985	10.2655032429658	0	4.78315489471809	6.38639085686446	8.63539445628998	6.68181818181818	2.31326922118691	5.2465873052351	4.7074899649842	6.74176877068695	5.53550543024227	2.52452073116362	4.95491307985498	3.7152629328773	3.56133219584818	7.75125903218743	4.30042918454936
k__Bacteria|p__Fibrobacteres|c__Fibrobacteria|o__Fibrobacterales|f__Fibrobacteraceae|g__Fibrobacter	0	0	0	0	0.207107353025196	0	0	0	0	0	0	0	5.26325757575758	0.00124570232697195	0	0	0	0	0	0	0	0	0	0
k__Bacteria|p__Firmicutes|c__Bacilli|o__Bacillales|f__Planococcaceae|g__Solibacillus	0	0	0	3.37203107035697	0	0	0	0	0	0	0	0	0	0	0	0	0	0	0	0	0	0	0	0
k__Bacteria|p__Firmicutes|c__Bacilli|o__Bacillales|f__Planococcaceae|g__bacterium_ID4391	0	0	0	3.54869465242141	0	0	0	0	0	0	0	0	0	0	0	0	0.00580686371290866	0	0	0	0	0.00167277228550877	0	0
k__Bacteria|p__Firmicutes|c__Clostridia|o__Clostridiales|f__Christensenellaceae|g__Christensenellaceae_R-7_group	4.53910028797495	0.233718903501822	0.115480108551302	0	0.0856995943552534	0.014753416757199	0.121932155697983	0.0606597918902524	0	0.315001968762305	0.188790320943546	0.0900669068450849	0.0625	0.069759330310429	0.034471664291952	0.155435989409856	0.0900063875500842	0.0902255639097744	0.0961324119482835	0.167332899507298	0.393330483112441	0.0920024757029825	0.134505302011323	0.175965665236052
k__Bacteria|p__Firmicutes|c__Clostridia|o__Clostridiales|f__Lachnospiraceae|g__Blautia	3.40956747840188	0.0184862409549464	0	0	0	0.00134121970519991	0	0.00466613783771173	4.02547065337763	0	0.00203000345100587	0.00735240055878244	0	0.00124570232697195	0	0	0.00580686371290866	0	0	0	0	0.00167277228550877	0	0
k__Bacteria|p__Firmicutes|c__Clostridia|o__Clostridiales|f__Lachnospiraceae|g__Lachnoclostridium_10	0.282383202393268	0.0343315903449004	0.0461920434205208	0	0.0614180426212649	0.0979090384795933	0.165702673128029	0.0699920675656759	0	0.0825005156282227	0.0893201518442581	0.123152709359606	0.473484848484849	0.478349693557228	0.243599760996461	0.464599880433854	0.0464549097032693	0.200501253132832	0.117030762371823	0.0836664497536488	0.0940572894399316	0.326190595674211	0.165785604804655	0.150214592274678
k__Bacteria|p__Firmicutes|c__Clostridia|o__Clostridiales|f__Lachnospiraceae|g__Lachnospiraceae_AC2044_group	0	0.202028204721914	0.353657832438363	0	0.896989087584985	1.21648627261632	0.287634828826012	0.51327516214829	0	1.18500740629629	0.253750431375733	1.22233659289758	0.0965909090909091	0.0635308186755693	0.110309325734246	0.476556495003843	0.21485395737762	0.105263157894737	0.0431899242086491	0.246351213163521	0.49593843522873	0.824676736755825	1.4076136256999	0.609442060085837
k__Bacteria|p__Firmicutes|c__Clostridia|o__Clostridiales|f__Lachnospiraceae|g__Lachnospiraceae_NK4A136_group	0	0.0369724819098928	0.0750620705583463	0	1.16265783008627	0.159605144918789	0.312646553071752	0.489944472959731	0	0.249376558603491	0.0284200483140821	0.70766855378281	0.0435606060606061	0.047336688424934	0.0620489957255136	0.543171919036639	0.339701527205157	0.0935672514619883	0.0376170307623718	0.106907130240773	0.16673792218897	0.439939111088807	0.184553786480653	0.622317596566524
k__Bacteria|p__Firmicutes|c__Clostridia|o__Clostridiales|f__Lachnospiraceae|g__Lachnospiraceae_UCG-008	0	0	0	0	0	0.00134121970519991	0	0	6.3953488372093	0	0.00203000345100587	0	0	0.00249140465394389	0	0.0017080877957127	0.00290343185645433	0.00167084377610693	0.00139322336156933	0	0.00427533133817871	0	0	0
k__Bacteria|p__Firmicutes|c__Clostridia|o__Clostridiales|f__Lachnospiraceae|g__Marvinbryantia	3.69614449073168	0.0118840120424655	0	0	0	0	0	0	0.201181247692876	0	0	0	0	0	0	0	0	0	0	0	0	0	0	0
k__Bacteria|p__Firmicutes|c__Clostridia|o__Clostridiales|f__Lachnospiraceae|g__Roseburia	0	0.209950879416891	0.173220162826953	0	0.161400902702394	0.190453198138387	0.206346725027357	0.200643927021604	0	0.448127800798755	0.298410507297862	0.319829424307036	1.07954545454545	0.815935024166625	0.0643471066783104	0.953112990007686	0.150978456535625	0.279030910609858	0.639489522960321	0.613553964860091	0.200940572894399	0.234188119971228	0.32218711877131	0.188841201716738
k__Bacteria|p__Firmicutes|c__Clostridia|o__Clostridiales|f__Lachnospiraceae|g__Tyzzerella_4	3.7604495764252	0.437067554006233	0.41861539349847	0.00420627576343905	0.319945152259613	0.834238656634343	0.29076129435673	0.102655032429658	0.0073827980804725	0.845630285189282	0.420210714358214	0.178295713550474	0.289772727272727	0.723753051970701	0.142482879073402	0.216927150055513	0.325184367922885	0.623224728487886	1.15637539010254	1.10625639118713	0.371953826421548	0.217460397116141	0.681910600894617	0.879828326180258
k__Bacteria|p__Firmicutes|c__Clostridia|o__Clostridiales|f__Lachnospiraceae|g__Unassigned	6.77579892079291	0.919030264617335	1.59073849529419	0	0.751299777181055	2.57648305368902	1.00984836642176	0.284634408100415	0.0129198966408269	0.963756023475147	0.85463145287347	0.792221160208808	0.59469696969697	0.533160595943993	0.434342970078595	1.01460415065334	0.615527553568318	0.566416040100251	0.47508916629514	0.539183787301292	0.692603676784951	2.07591040631639	2.2959742250305	0.991416309012876
k__Bacteria|p__Firmicutes|c__Clostridia|o__Clostridiales|f__Ruminococcaceae|g__Ruminiclostridium_1	0.00139793664551123	0.518935192520995	0.0721750678445638	0	0.025709878306576	0.0657197655547955	0.168829138658746	0.111987308105081	0	0.585003656272852	0.509530866202473	0.126828909638997	0.0227272727272727	0.00996561861577557	0.0275773314335616	0.0358698437099667	0.0725857964113582	0.0434419381787803	0.0181119037004012	0.0929627219484987	0.13253527148354	0.562051487930948	0.278394694860646	0.145922746781116
k__Bacteria|p__Firmicutes|c__Clostridia|o__Clostridiales|f__Ruminococcaceae|g__Ruminiclostridium_5	0	0.476680927481118	0.405623881286448	0.0028041838422927	0.295663600525624	0.429190305663971	2.63561044239487	0.629928608091083	0	0.247501546884668	0.513590873104484	1.01279317697228	0.132575757575758	0.226717823508894	0.324033644344349	0.220343325646938	0.121944137971082	0.292397660818713	0.245207311636202	0.334665799014595	0.235143223599829	0.347936635385825	0.36285151240264	0.412017167381974
k__Bacteria|p__Firmicutes|c__Clostridia|o__Clostridiales|f__Ruminococcaceae|g__Ruminococcaceae_UCG-002	0	0.598161939470765	0.747733702869681	0.0140209192114635	0.629892018511112	0.229348569589184	0.159449742066594	0	0	0.493128082050513	0.383670652240109	0.00551430041908683	0.551136363636364	0.514475061039414	0.742289837753367	0.679818942693655	1.52430172463852	0.783625730994152	0.482055283102987	0.553128195593567	2.60367678495083	0.413174754520667	1.30751665676124	0.746781115879828
k__Bacteria|p__Firmicutes|c__Clostridia|o__Clostridiales|f__Ruminococcaceae|g__Ruminococcaceae_UCG-005	21.7351189644085	4.61231711825912	6.49431260465385	0.0687025041361712	8.20287950637034	3.79296932630534	5.44630295450993	15.2442723158042	5.40789959394611	10.5056906605666	4.09045695377682	10.3871038894199	6.09280303030303	6.32567641636355	6.6070689892908	5.49833461439918	6.73015504326114	6.78529657477026	9.15765715559519	8.20860834805243	8.0718255664814	6.35318914036232	6.79720979699083	7.97424892703863
k__Bacteria|p__Firmicutes|c__Clostridia|o__Clostridiales|f__Ruminococcaceae|g__Ruminococcaceae_UCG-009	0.0657030223390276	0.0871494216447473	0.0851665800565853	0	0.239958864194709	0.0938853793639936	0.240737845865249	0.0979888945919462	0	0.228751429696436	0.131950224315381	0.19667671494743	0.178030303030303	0.158204195525437	0.0528565519143264	0.0068323511828508	0.133557865396899	0.0434419381787803	0.111457868925546	0.125499674630473	0.141085934159897	0.103711881701544	0.0250242422346648	0.0901287553648069
k__Bacteria|p__Firmicutes|c__Clostridia|o__Clostridiales|f__Ruminococcaceae|g__Ruminococcaceae_UCG-013	0	0.751333650240321	0.538426006120446	0	0.359938296292064	0.486862752987567	0.39080819133969	0.489944472959731	0	0.635628972681079	1.19770203609346	0.705830453643114	0.333333333333333	0.51198365638547	0.236705428138071	0.17080877957127	0.673596190697404	0.489557226399332	0.456977262594739	0.952867899972111	0.256519880290723	0.205750991117579	0.469204541899966	0.48068669527897
k__Bacteria|p__Firmicutes|c__Clostridia|o__Clostridiales|f__Ruminococcaceae|g__Ruminococcus_1	0	0.00792267469497702	0.00288700271378255	0	0.0485631034679769	0.0751083034911949	0.916054400500235	0.102655032429658	0	0.0675004218776367	0.0162400276080469	0.0459525034923903	0.134469696969697	0.022422641885495	0.0942225490646688	0.0409941070971048	0.0696823645549039	0.0100250626566416	0.0250780205082479	0.190573579994422	0.504489097905088	0.123785149127649	0	0.296137339055794
k__Bacteria|p__Firmicutes|c__Clostridia|o__Clostridiales|f__Ruminococcaceae|g__[Eubacterium]_coprostanoligenes_group	0.535409735230799	4.77737284107115	1.23708066285582	0.166848938616416	1.35833857053077	3.19076167867058	1.62888854150383	1.11054080537539	4.24695459579181	3.34502090638066	3.6316761738495	2.06234835673848	1.83143939393939	1.1012008570432	0.930734935882704	1.85156717055257	1.21653794785436	1.69256474519632	0.674320106999554	0.827368225341638	0.79521162890124	1.83168565263211	1.56401513966655	1.46781115879828
k__Bacteria|p__Firmicutes|c__Negativicutes|o__Selenomonadales|f__Acidaminococcaceae|g__Phascolarctobacterium	0	0.12412190355464	0.998902938968763	0	0.0614180426212649	0	0.134438017820854	0	0	0.142500890630566	0.15225025882544	0	0.46780303030303	0.573023070407096	0.347014753872317	0.413357246562473	0.299053481214796	0.459482038429407	0.41378733838609	0.0604257692665241	0.790936297563061	0.508522774794667	0.0406643936313304	0.32618025751073
k__Bacteria|p__Proteobacteria|c__Gammaproteobacteria|o__Enterobacteriales|f__Enterobacteriaceae|g__Escherichia-Shigella	0	0.0633813975598162	0.0360875339222819	0.636549732200443	0	0.0469426896819968	0	0	0.00184569952011812	0.00375002343764649	0.030450051765088	0.00183810013969561	0	0.0772335442722607	0.360803419589098	0	0.0348411822774519	0	0.0626950512706197	0	1.16716545532279	0.294407922249544	1.92373862178986	0.0429184549356223
k__Bacteria|p__Proteobacteria|c__Gammaproteobacteria|o__Pseudomonadales|f__Moraxellaceae|g__Acinetobacter	0	0	0	2.71164577549704	0	0	0	0	0	0	0	0	0	0	0	0	0	0	0	0	0	0	0	0
k__Bacteria|p__Proteobacteria|c__Gammaproteobacteria|o__Pseudomonadales|f__Pseudomonadaceae|g__Pseudomonas	0	0.00396133734748851	0	2.93598048288046	0	0	0	0	0	0	0.00203000345100587	0.0165429012572605	0	0	0	0	0.00580686371290866	0	0	0	0	0	0	0
k__Bacteria|p__Unassigned|c__Unassigned|o__Unassigned|f__Unassigned|g__Unassigned	0.00978555651857858	0.216553108329372	0.538426006120446	0.0084125515268781	0.815574472947495	0.193135637548787	0.284508363295295	0.485278335122019	0	0.223126394539966	0.255780434826739	0.0863907065656937	0.191287878787879	0.276545916587772	0.298754423863584	0.160560252796994	0.505197143023053	0.0885547201336675	0.592119928666964	0.250999349260946	0.26507054296708	0.260952476539369	0.378491663799306	1.68669527896996
k__Bacteria|p__Verrucomicrobia|c__Verrucomicrobiae|o__Verrucomicrobiales|f__Verrucomicrobiaceae|g__Akkermansia	0	7.41826440606349	0.392632369074427	0.0210313788171953	0.467062789236131	12.0387880738744	10.0109426293575	8.64168727544212	0	2.87814298839368	4.86997827896307	1.72781413131387	6.88068181818182	1.29926752703174	7.48035115135359	0.199846272098386	5.78653968991348	2.90058479532164	2.11491306286224	9.90052988751511	0.6626763574177	4.10163764406751	1.74856892614721	5.03004291845494
