Class	OC	OC	OC	OC	OC	OC	OC	OC	OC	OC	OC	OC	CC	CC	CC	CC	CC	CC	CC	CC	CC	CC	CC	CC	PC	PC	PC	PC	PC	PC	PC	PC	PC	PC	PC	PC
Unassigned	37.1496212121212	26.9682096766157	31.2657995128005	29.6250747288411	37.1726380581848	32.1052631578947	27.3573339277753	36.9573301106256	33.1081658828559	34.3537244274937	41.1711345365823	33.1545064377682	37.3747400898786	34.3736146821527	33.524500907441	29.7930532726146	38.0503978779841	35.1890781113447	27.9974602799598	25.8113636363636	35.8069898268047	41.4039597708925	41.8929217871773	27.1276324511754	32.3171331077191	30.489056885529	31.6010024792498	31.9723073365323	35.679418210799	31.1891297518065	43.7884685763716	34.503463052469	38.1616327751196	43.523618909297	37.7366353137278	38.2188915998606
Unassigned|Unassigned	37.1496212121212	26.9682096766157	31.2657995128005	29.6250747288411	37.1726380581848	32.1052631578947	27.3573339277753	36.9573301106256	33.1081658828559	34.3537244274937	41.1711345365823	33.1545064377682	37.3747400898786	34.3736146821527	33.524500907441	29.7930532726146	38.0503978779841	35.1890781113447	27.9974602799598	25.8113636363636	35.8069898268047	41.4039597708925	41.8929217871773	27.1276324511754	32.3171331077191	30.489056885529	31.6010024792498	31.9723073365323	35.679418210799	31.1891297518065	43.7884685763716	34.503463052469	38.1616327751196	43.523618909297	37.7366353137278	38.2188915998606
Unassigned|Unassigned|Unassigned	37.1496212121212	26.9682096766157	31.2657995128005	29.6250747288411	37.1726380581848	32.1052631578947	27.3573339277753	36.9573301106256	33.1081658828559	34.3537244274937	41.1711345365823	33.1545064377682	37.3747400898786	34.3736146821527	33.524500907441	29.7930532726146	38.0503978779841	35.1890781113447	27.9974602799598	25.8113636363636	35.8069898268047	41.4039597708925	41.8929217871773	27.1276324511754	32.3171331077191	30.489056885529	31.6010024792498	31.9723073365323	35.679418210799	31.1891297518065	43.7884685763716	34.503463052469	38.1616327751196	43.523618909297	37.7366353137278	38.2188915998606
Unassigned|Unassigned|Unassigned|Unassigned	37.1496212121212	26.9682096766157	31.2657995128005	29.6250747288411	37.1726380581848	32.1052631578947	27.3573339277753	36.9573301106256	33.1081658828559	34.3537244274937	41.1711345365823	33.1545064377682	37.3747400898786	34.3736146821527	33.524500907441	29.7930532726146	38.0503978779841	35.1890781113447	27.9974602799598	25.8113636363636	35.8069898268047	41.4039597708925	41.8929217871773	27.1276324511754	32.3171331077191	30.489056885529	31.6010024792498	31.9723073365323	35.679418210799	31.1891297518065	43.7884685763716	34.503463052469	38.1616327751196	43.523618909297	37.7366353137278	38.2188915998606
Unassigned|Unassigned|Unassigned|Unassigned|Acidaminococcaceae	0.392045454545455	0.561811749464348	0.2872638690996	0.444102826885302	0.342604959061611	0.322472848788638	0.444438252340615	0.0650739053639491	0.987601539119282	0.55870594335993	0.0719446964246614	0.300429184549356	0.666711382386478	0.51275231255726	0.196007259528131	1.04012287461939	0.780725022104332	0.366110021966601	0.149134723288642	0.179545454545455	0.188994049640468	0.25706940874036	0.190530627798419	0.101983580643516	0.526589246345471	0.856316207009193	0.44330063598146	1.48291611262069	1.63130105598725	0.838438579956016	0.271151478856839	0.343813842244257	0.220544258373206	0.230255583697905	0.470294082628884	0.685488555826653
Unassigned|Unassigned|Unassigned|Unassigned|Bacteroidaceae	1.3844696969697	1.45373461557626	3.04499701245576	2.71073533179605	2.08176064107775	2.02673350041771	2.06336379848417	2.20786464627684	3.1722958529286	4.2521871497633	4.40113860302168	2.36909871244635	1.87135287410289	2.02441114756036	1.64500907441016	1.35269866077443	1.59858532272325	2.22736613364197	1.40718209202055	1.39318181818182	4.03236523100093	3.13669778559509	1.72668381442317	0.894905920146856	2.03614508586915	3.02860609454478	1.68023067802091	1.24443545123432	1.7359035664475	1.88108702481935	3.05918754366703	1.23573670835617	2.28767942583732	0.674825979914628	0.750089296344803	1.68757987684443
Unassigned|Unassigned|Unassigned|Unassigned|Bacteroidales_BS11_gut_group	0	0	0	0	0	0	0	0	0	0	0	0	0.0576832785565766	0	0	0	0.0344827586206897	0.0188960011337601	0.00442974425609828	0.00227272727272727	0	0	0	0.0101983580643516	1.07283782455451	0.249661673433198	0.361108116848119	0	0.278940027894003	0	1.25262002195828	0.154467088544521	0.0485944976076555	0.108043004658248	0	0
Unassigned|Unassigned|Unassigned|Unassigned|Bacteroidales_Incertae_Sedis	0	0	0	0	0	0	0	0	2.09063702436939	0.0736019805623861	0	1.66094420600858	0	0	0	0	0	0	0	0	0	0	0	0	0	0	0	0	0	0	0	0	0	0	0	0
Unassigned|Unassigned|Unassigned|Unassigned|Bacteroidales_S24-7_group	0.263257575757576	0.0610394140216254	0.514776853426483	1.16149970108464	0.731664827826491	0.614870509607352	0.0125390102541239	0.102258994143349	0	2.82698516250983	0.00625606055866621	0.0729613733905579	0	1.25306617016875	0	1.16811726981219	0	0	1.19898411198393	0.804545454545455	0	0	0	0.323797868543165	0	1.83629660740119	0.897380618734505	3.03231774296121	1.45945407451684	0.380929940307886	0.379279369198523	0.782301061338383	0.755083732057416	0.651800421544838	5.72091915704251	0.29336586499361
Unassigned|Unassigned|Unassigned|Unassigned|Christensenellaceae	0.147727272727273	0.171906921122129	0.101116881923059	0.140063199248441	0.447128505893967	0.135338345864662	0.250780205082479	0.264943757553221	0.423257802479692	0.158913367123334	0.206449998435985	0.377682403433476	0.0804882956603394	0.0842273251174749	0.392014519056261	0.243863005577861	0.129089301503095	0.191322011479321	0.307128935089481	0.25	0.42671312770387	0.527668786361791	0.507287796513289	0.214165519351384	0.10391361127884	0.151663633393999	0.106446049369408	0.121408336705787	0.231619844590556	0.157084511467169	0.229563828725422	0.239174846778614	0.844796650717703	0.410917657060876	0.443505179187999	0.650633205530382
Unassigned|Unassigned|Unassigned|Unassigned|Enterobacteriaceae	0	0.0772335442722607	0.360803419589098	0	0.0348411822774519	0	0.0626950512706197	0	1.16716545532279	0.294407922249544	1.92373862178986	0.0429184549356223	0	0	0	0	0.0017683465959328	0	0	0.00454545454545455	0	0	0	0.00254958951608791	0	0	0.00134741834644821	0	0	0	0.0133080480420534	0	0	0.00885598398838095	0	0
Unassigned|Unassigned|Unassigned|Unassigned|Fibrobacteraceae	5.26325757575758	0.00124570232697195	0	0	0	0	0	0	0	0	0	0	0	0	0	0	0	0	0	0	0	0	0	0	0	0	0	0	0	0	0	0	0	0	0	0
Unassigned|Unassigned|Unassigned|Unassigned|Lachnospiraceae	2.71401515151515	2.69320843091335	1.13526681068162	3.29660944572551	1.32396492654317	1.734335839599	2.51894783771734	2.61690062285024	1.67165455322788	3.45762031414664	4.26663330101035	2.8412017167382	2.10745187470655	2.64798888790377	1.55934664246824	2.13952736385438	2.50928381962865	2.74700616482037	2.59287697123619	2.325	5.26968564974087	3.96428088215397	3.26283700104792	1.58839426852277	3.66506115456448	2.30762051425638	2.30947504581222	3.32138521130832	2.19416218370193	2.67043669494188	1.75167182353528	2.88255518461308	2.38113038277512	1.99436759418339	5.5423264674366	3.92703613337981
Unassigned|Unassigned|Unassigned|Unassigned|Methanobacteriaceae	0.397727272727273	5.31292042453535	0.507882520568093	0.365530788282518	1.17298647000755	0.949039264828738	0.0236847971466786	0.436924793157944	0.615647712697734	0.184004951405965	0.447308329944634	0.59656652360515	0.178415722047086	0.954576351331383	0.0116152450090744	0.123952466923554	0.0530503978779841	0.212580012754801	0.0841651408658673	0.225	1.2698037710219	0.847878049880485	0.878822520720206	0.107082759675692	0.276634884080154	0.191329506743198	0.313948474722432	0.198011215817772	0.219167164773859	0.0805058121269243	1.1095585055062	0.867008819572475	1.45409688995215	0.793496165358933	0.098225979283248	5.42872080864413
Unassigned|Unassigned|Unassigned|Unassigned|Micrococcaceae	0.00189393939393939	0.00124570232697195	0.0045962219055936	0.0017080877957127	2.81342546890424	0.100250626566416	0.00139322336156933	0.0371850887793995	1.30825138948268	0.265970793395895	0.0125121211173324	0.236051502145923	0	0.286668439873511	0.116152450090744	0.118563229231225	0.000884173297966401	0	0.190479003012226	0.143181818181818	0.747117102484976	0.987687728318225	2.74840430599219	0.242211004028351	0	0.00233328666759998	0.00943192842513744	0.023125397467769	0	0.025526233113415	0.0232890840735935	0.069759330310429	0.0112141148325359	0.00885598398838095	0.0833432551494226	0
Unassigned|Unassigned|Unassigned|Unassigned|Prevotellaceae	1.94318181818182	2.18371617918182	1.28004780070782	5.90144333418738	3.30700888450148	3.40183792815372	2.88675880517165	2.86789997211118	3.26635314236853	2.61454308225021	4.37611436078701	1.03862660944206	3.12831175799852	5.77326595147324	5.8540834845735	4.9015116811727	4.36427939876216	2.76117816567069	0.472506053983817	0.527272727272727	1.03503772498413	0.633653542596852	0.319138801562351	0.624649431441538	4.56939042028843	4.09841803163937	3.264794653444	4.25796380875296	6.77176728431959	2.4485548224945	3.98409688258975	1.31795306193632	4.5305023923445	4.87079119360952	2.74139778545065	5.25444405716277
Unassigned|Unassigned|Unassigned|Unassigned|Rikenellaceae	8.15340909090909	4.39982061886492	6.65992554120513	6.42241011187975	8.61157888624354	8.69172932330827	5.89194159607668	6.64218648322023	4.86105173150919	6.02198022783158	12.4245362695111	5.62231759656652	12.7251995438997	11.462304577829	12.34555353902	7.04508097329633	8.98496905393457	6.90176441410587	7.40948555903373	7.39545454545455	5.37747131867645	6.57556487620078	7.27826998189959	9.04339401356382	10.010812632525	8.30300060665453	11.1822248571737	8.04908365612534	9.07302251444511	8.2920986490732	5.16185913431147	8.41596492102247	8.81429425837321	10.4341203351104	5.47088939159424	2.9598001626583
Unassigned|Unassigned|Unassigned|Unassigned|Ruminococcaceae	9.34469696969697	9.43370372215855	9.53256423220113	8.85643522077035	10.2926659311306	10.6616541353383	12.0485956308515	11.2577856279632	12.5951261222745	9.17348321373012	10.8511370390065	11.1545064377682	13.2148366758334	8.99163637438307	9.58693284936479	11.1233865969659	14.4827586206897	15.7261969435718	10.5605103065383	9.90681818181818	14.7784487722769	18.5202724033735	16.6690482995141	12.8422823925348	8.30747195034614	9.17331653366933	10.3859006144228	9.78637914089148	9.25732217573222	13.5956644674835	11.6911202049439	16.1019482784394	16.1558014354067	16.365858410528	15.5107750922729	13.5006390147554
Unassigned|Unassigned|Unassigned|Unassigned|Unassigned	0.191287878787879	0.28152872589566	0.298754423863584	0.160560252796994	0.505197143023053	0.165413533834586	0.592119928666964	0.250999349260946	0.26507054296708	0.260952476539369	0.378491663799306	1.70386266094421	0.967201019518412	0.237905251647605	0.333938294010889	0.304491929616556	0.989389920424403	0.420436025226162	3.58956942885831	2.60227272727273	0.116644765012477	0.469038921210481	0.478708202343527	0.507368313701494	0.273826408099645	0.123664193382799	0.227713700549747	0.310747528473146	0.448296473401076	0.420201068174678	0.40589546528263	0.311425581742987	0.370065789473684	0.235569174090933	0.270865579235623	0.275938189845475
Unassigned|Unassigned|Unassigned|Unassigned|Verrucomicrobiaceae	6.95265151515151	0.335093925955454	7.53780392517351	0.163976428388419	5.50781023169386	3.3015873015873	0.560075791350869	10.2073068699452	0.684053014108593	4.21036784262558	1.8048734711752	5.13733905579399	2.37708766516869	0.144811892307238	1.48384754990926	0.231737220770122	4.1211317418214	3.61622221697333	0.031008209792688	0.0522727272727273	2.56470831426167	5.48414738646101	7.83319043536248	0.624649431441538	1.47444988976732	0.166829996733399	0.417699687398944	0.144533734173556	2.37846184498904	0.398601947847942	14.4558671856805	1.78135432756988	0.287828947368421	6.73586142156255	0.634004048100964	3.55524573021959
Unassigned|Unassigned|Unassigned|Unassigned|Acidaminococcaceae|Phascolarctobacterium	0.392045454545455	0.561811749464348	0.2872638690996	0.444102826885302	0.342604959061611	0.322472848788638	0.444438252340615	0.0650739053639491	0.987601539119282	0.55870594335993	0.0719446964246614	0.300429184549356	0.666711382386478	0.51275231255726	0.196007259528131	1.04012287461939	0.780725022104332	0.366110021966601	0.149134723288642	0.179545454545455	0.188994049640468	0.25706940874036	0.190530627798419	0.101983580643516	0.526589246345471	0.856316207009193	0.44330063598146	1.48291611262069	1.63130105598725	0.838438579956016	0.271151478856839	0.343813842244257	0.220544258373206	0.230255583697905	0.470294082628884	0.685488555826653
Unassigned|Unassigned|Unassigned|Unassigned|Bacteroidaceae|Bacteroides	1.3844696969697	1.45373461557626	3.04499701245576	2.71073533179605	2.08176064107775	2.02673350041771	2.06336379848417	2.20786464627684	3.1722958529286	4.2521871497633	4.40113860302168	2.36909871244635	1.87135287410289	2.02441114756036	1.64500907441016	1.35269866077443	1.59858532272325	2.22736613364197	1.40718209202055	1.39318181818182	4.03236523100093	3.13669778559509	1.72668381442317	0.894905920146856	2.03614508586915	3.02860609454478	1.68023067802091	1.24443545123432	1.7359035664475	1.88108702481935	3.05918754366703	1.23573670835617	2.28767942583732	0.674825979914628	0.750089296344803	1.68757987684443
Unassigned|Unassigned|Unassigned|Unassigned|Bacteroidales_BS11_gut_group|Unassigned	0	0	0	0	0	0	0	0	0	0	0	0	0.0576832785565766	0	0	0	0.0344827586206897	0.0188960011337601	0.00442974425609828	0.00227272727272727	0	0	0	0.0101983580643516	1.07283782455451	0.249661673433198	0.361108116848119	0	0.278940027894003	0	1.25262002195828	0.154467088544521	0.0485944976076555	0.108043004658248	0	0
Unassigned|Unassigned|Unassigned|Unassigned|Bacteroidales_Incertae_Sedis|Phocaeicola	0	0	0	0	0	0	0	0	2.09063702436939	0.0736019805623861	0	1.66094420600858	0	0	0	0	0	0	0	0	0	0	0	0	0	0	0	0	0	0	0	0	0	0	0	0
Unassigned|Unassigned|Unassigned|Unassigned|Bacteroidales_S24-7_group|Unassigned	0.263257575757576	0.0610394140216254	0.514776853426483	1.16149970108464	0.731664827826491	0.614870509607352	0.0125390102541239	0.102258994143349	0	2.82698516250983	0.00625606055866621	0.0729613733905579	0	1.25306617016875	0	1.16811726981219	0	0	1.19898411198393	0.804545454545455	0	0	0	0.323797868543165	0	1.83629660740119	0.897380618734505	3.03231774296121	1.45945407451684	0.380929940307886	0.379279369198523	0.782301061338383	0.755083732057416	0.651800421544838	5.72091915704251	0.29336586499361
Unassigned|Unassigned|Unassigned|Unassigned|Christensenellaceae|Christensenellaceae_R-7_group	0.147727272727273	0.171906921122129	0.101116881923059	0.140063199248441	0.447128505893967	0.135338345864662	0.250780205082479	0.264943757553221	0.423257802479692	0.158913367123334	0.206449998435985	0.377682403433476	0.0804882956603394	0.0842273251174749	0.392014519056261	0.243863005577861	0.129089301503095	0.191322011479321	0.307128935089481	0.25	0.42671312770387	0.527668786361791	0.507287796513289	0.214165519351384	0.10391361127884	0.151663633393999	0.106446049369408	0.121408336705787	0.231619844590556	0.157084511467169	0.229563828725422	0.239174846778614	0.844796650717703	0.410917657060876	0.443505179187999	0.650633205530382
Unassigned|Unassigned|Unassigned|Unassigned|Enterobacteriaceae|Escherichia-Shigella	0	0.0772335442722607	0.360803419589098	0	0.0348411822774519	0	0.0626950512706197	0	1.16716545532279	0.294407922249544	1.92373862178986	0.0429184549356223	0	0	0	0	0.0017683465959328	0	0	0.00454545454545455	0	0	0	0.00254958951608791	0	0	0.00134741834644821	0	0	0	0.0133080480420534	0	0	0.00885598398838095	0	0
Unassigned|Unassigned|Unassigned|Unassigned|Fibrobacteraceae|Fibrobacter	5.26325757575758	0.00124570232697195	0	0	0	0	0	0	0	0	0	0	0	0	0	0	0	0	0	0	0	0	0	0	0	0	0	0	0	0	0	0	0	0	0	0
Unassigned|Unassigned|Unassigned|Unassigned|Lachnospiraceae|Coprococcus_3	0.00757575757575758	0.0261597488664109	0.0183848876223744	0.0358698437099667	0.0348411822774519	0.0384294068504595	0.064088274632189	0.125499674630473	0.0427533133817871	0.0434920794232281	0.0875848478213269	0.0643776824034335	0.00670735797169495	0.0162543960753022	0.0203266787658802	0.013473094230821	0.00442086648983201	0.0212580012754801	0.0280550469552891	0.0181818181818182	0.218524369896792	0.214224507283633	0.20958369057826	0	0	0.0466657333519996	0.0619812439366174	0.364225010117361	0.0523012552301255	0.00981778196669808	0.204611238646571	0.159449897852409	0.231758373205742	0.364866540321295	0.898916537683058	0.339839665388637
Unassigned|Unassigned|Unassigned|Unassigned|Lachnospiraceae|Lachnoclostridium_10	0.473484848484849	0.478349693557228	0.243599760996461	0.464599880433854	0.0464549097032693	0.200501253132832	0.117030762371823	0.0836664497536488	0.0940572894399316	0.326190595674211	0.165785604804655	0.150214592274678	0.495003018311087	0.291101456984957	0.281669691470054	0.645361213656328	0.563218390804598	0.323594019415641	0.442974425609828	0.436363636363636	0.0620136725382787	0.0901997925404772	0.030961227017243	0.198867982254857	0.696502043166276	0.237995240095198	0.0956667025978226	0.294848817714054	0.425881649731022	0.221881872447377	0.0282796020893635	0.0597937116946534	0.093450956937799	0.0230255583697905	0.208358137873556	0.098756825839433
Unassigned|Unassigned|Unassigned|Unassigned|Lachnospiraceae|Lachnospiraceae_AC2044_group	0.0397727272727273	0.0186855349045792	0.101116881923059	0.362114612691092	0.121944137971082	0.0918964076858814	0.0181119037004012	0.171981035604722	0.367678495083369	0.630635151636808	1.14485908223592	0.459227467811159	0.0630491649339325	0.0738836185241008	0.0725952813067151	0.0970062784619116	0.0450928381962865	0.0873940052436403	0.184572677337428	0.168181818181818	0.248054690153115	0.209714517656609	0.164332666476136	0.0790372749987252	0.249954362265317	0.0944981100377992	0.0229061118896195	0.036133433543389	0.122036262203626	0.0431982406534716	0.041587650131417	0.0996561861577557	0.257924641148325	0.00885598398838095	0.419692820573878	0.264319739746718
Unassigned|Unassigned|Unassigned|Unassigned|Lachnospiraceae|Roseburia	1.21401515151515	0.949225173152624	0.0827319943006848	1.07267913570758	0.211950525521166	0.299081035923141	0.753733838609006	0.762294319977689	0.205215904232578	0.264298021110386	0.347211361005975	0.274678111587983	0.529881279763901	1.44368590596093	0.403629764065336	0.626498881733179	0.68788682581786	1.15501806930108	0.497607938101707	0.413636363636364	0.761882262613138	0.868173003202093	0.583500047632657	0.566008872571516	0.683863901253985	1.09781137710579	0.906812547159642	0.549228189859513	0.420900577804343	0.669572730128809	0.815117942575773	1.04888135931038	0.863486842105263	0.28339148762819	0.8185498273604	0.51411641686999
Unassigned|Unassigned|Unassigned|Unassigned|Lachnospiraceae|Tyzzerella_4	0.289772727272727	0.723753051970701	0.142482879073402	0.216927150055513	0.325184367922885	0.623224728487886	1.15637539010254	1.10625639118713	0.371953826421548	0.217460397116141	0.681910600894617	0.879828326180258	0.572808370782749	0.55708248367172	0.347005444646098	0.246557624424025	0.689655172413793	0.628292037697522	0.630500265784655	0.522727272727273	2.67397049921006	1.70477607901502	1.61712870343908	0.175921676610066	1.05598696867145	0.534322646880396	0.870432251805541	1.35572642654796	0.351165570830843	1.0505026704367	0.402568453272116	1.17594299666152	0.497159090909091	1.10345560495227	2.57768781997857	2.22493319391193
Unassigned|Unassigned|Unassigned|Unassigned|Lachnospiraceae|Unassigned	0.689393939393939	0.497035228461807	0.546950406765639	1.14441882312751	0.58358980314732	0.481203007518797	0.409607668301382	0.36720275169657	0.589995724668662	1.97554406918586	1.83928180424787	1.01287553648069	0.440002682943189	0.265981026686763	0.434119782214156	0.510630271348118	0.519009725906278	0.531450031887002	0.809166617447286	0.765909090909091	1.30524015532948	0.87719298245614	0.657330665904544	0.568558462087604	0.978753879207448	0.296327406785198	0.351676188422982	0.721223333526045	0.821876867901973	0.675463399308828	0.259506936820042	0.33883103293637	0.4373504784689	0.210772418923467	0.619121323967139	0.485070291623098
Unassigned|Unassigned|Unassigned|Unassigned|Methanobacteriaceae|Methanobrevibacter	0.397727272727273	5.31292042453535	0.507882520568093	0.365530788282518	1.17298647000755	0.949039264828738	0.0236847971466786	0.436924793157944	0.615647712697734	0.184004951405965	0.447308329944634	0.59656652360515	0.178415722047086	0.954576351331383	0.0116152450090744	0.123952466923554	0.0530503978779841	0.212580012754801	0.0841651408658673	0.225	1.2698037710219	0.847878049880485	0.878822520720206	0.107082759675692	0.276634884080154	0.191329506743198	0.313948474722432	0.198011215817772	0.219167164773859	0.0805058121269243	1.1095585055062	0.867008819572475	1.45409688995215	0.793496165358933	0.098225979283248	5.42872080864413
Unassigned|Unassigned|Unassigned|Unassigned|Micrococcaceae|Arthrobacter	0.00189393939393939	0.00124570232697195	0.0045962219055936	0.0017080877957127	2.81342546890424	0.100250626566416	0.00139322336156933	0.0371850887793995	1.30825138948268	0.265970793395895	0.0125121211173324	0.236051502145923	0	0.286668439873511	0.116152450090744	0.118563229231225	0.000884173297966401	0	0.190479003012226	0.143181818181818	0.747117102484976	0.987687728318225	2.74840430599219	0.242211004028351	0	0.00233328666759998	0.00943192842513744	0.023125397467769	0	0.025526233113415	0.0232890840735935	0.069759330310429	0.0112141148325359	0.00885598398838095	0.0833432551494226	0
Unassigned|Unassigned|Unassigned|Unassigned|Prevotellaceae|Prevotellaceae_UCG-004	1.94318181818182	2.18371617918182	1.28004780070782	5.90144333418738	3.30700888450148	3.40183792815372	2.88675880517165	2.86789997211118	3.26635314236853	2.61454308225021	4.37611436078701	1.03862660944206	3.12831175799852	5.77326595147324	5.8540834845735	4.9015116811727	4.36427939876216	2.76117816567069	0.472506053983817	0.527272727272727	1.03503772498413	0.633653542596852	0.319138801562351	0.624649431441538	4.56939042028843	4.09841803163937	3.264794653444	4.25796380875296	6.77176728431959	2.4485548224945	3.98409688258975	1.31795306193632	4.5305023923445	4.87079119360952	2.74139778545065	5.25444405716277
Unassigned|Unassigned|Unassigned|Unassigned|Rikenellaceae|Alistipes	0.768939393939394	1.15102895012208	1.62936066553293	1.27594158339739	0.720051100400674	1.49874686716792	2.06057735176103	1.09231198289486	1.05173150919196	1.716264364932	4.06956739341237	0.472103004291846	2.52464954054598	0.991518160593433	2.34047186932849	1.13173991538897	2.0053050397878	1.26603207596192	2.85127871950859	3.35681818181818	1.19007190632982	0.699048392188698	0.688291892921787	0.594054357248483	0.974541165236684	0.738485230295394	3.14217958391721	1.22709140313349	0.774556684598526	0.985705309456488	1.08626942143261	0.440978623748069	1.71575956937799	0.837776085300838	1.0150017859269	1.96932729173928
Unassigned|Unassigned|Unassigned|Unassigned|Rikenellaceae|Rikenellaceae_RC9_gut_group	7.3844696969697	3.24879166874284	5.0305648756722	5.14646852848236	7.89152778584287	7.19298245614035	3.83136424431565	5.54987450032537	3.80932022231723	4.30571586289958	8.35496887609872	5.15021459227468	10.2005500033537	10.4707864172356	10.0050816696915	5.91334105790736	6.97966401414677	5.63573233814394	4.55820683952513	4.03863636363636	4.18739941234663	5.87651648401209	6.5899780889778	8.44933965631533	9.03627146728828	7.56451537635914	8.04004527325644	6.82199225299185	8.29846582984658	7.30639333961671	4.07558971287886	7.9749862972744	7.09853468899522	9.5963442498096	4.45588760566734	0.990472870919019
Unassigned|Unassigned|Unassigned|Unassigned|Ruminococcaceae|Ruminiclostridium_5	0.106060606060606	0.143255767601774	0.17925265431815	0.216927150055513	0.121944137971082	0.292397660818713	0.137929112795363	0.334665799014595	0.196665241556221	0.326190595674211	0.281522725139979	0.40343347639485	0.214635455094238	0.141856547566274	0.760798548094374	0.315270405001213	0.282935455349248	0.262182015730921	0.38686433169925	0.290909090909091	0.218524369896792	0.196184548775538	0.161951033628656	0.224363877415736	0.329995927709828	0.514489710205796	0.301821709604398	0.380123720876453	0.283921099820681	0.25526233113415	0.409222477293143	0.695101898450346	0.575657894736842	0.465824757788838	0.568520061912132	0.238178227024515
Unassigned|Unassigned|Unassigned|Unassigned|Ruminococcaceae|Ruminococcaceae_UCG-002	0.551136363636364	0.514475061039414	0.742289837753367	0.679818942693655	1.52430172463852	0.783625730994152	0.482055283102987	0.553128195593567	2.60367678495083	0.413174754520667	1.30751665676124	0.746781115879828	0.732443490509088	0.21278482134941	0.223593466424682	0.490420630001886	0.674624226348364	0.720410043224603	0.608351544504164	0.690909090909091	0.531545764613817	0.360799170161909	0.378679622749357	0.333996226607516	0.233103506382262	0.495823416864996	0.842136466530128	0.533329479100422	0.311316995417414	0.704916745208922	0.163023588515155	0.635308186755693	0.441088516746411	0.933420712375352	0.708417668770092	0.607064017660044
Unassigned|Unassigned|Unassigned|Unassigned|Ruminococcaceae|Ruminococcaceae_UCG-005	6.08901515151515	6.2210374208979	6.72657075883624	5.59057135536767	6.42819813018988	6.84878863826232	9.13675880517165	8.01803476805801	8.39675074818298	6.18925745638246	6.61891207106885	8.21888412017167	4.66832114829968	6.60519549605461	5.96152450090744	7.76723882406834	5.16268788682582	11.9328247159695	6.60622526726124	6.29318181818182	9.12486895920386	14.0057727867226	12.4654663237115	10.6113915659579	5.51865530170053	6.28237435251295	6.01757033523768	5.43591374226745	6.73191870890616	9.47612315425699	8.72176198556077	11.9687079575465	12.4514055023923	12.6622859065871	8.14382664602929	7.88021377948182
Unassigned|Unassigned|Unassigned|Unassigned|Ruminococcaceae|Ruminococcaceae_UCG-009	0.0776515151515152	0.103393293138672	0.0965206600174656	0.0956529165599112	0.0958132512629929	0.18546365914787	0.126783325902809	0.0883145858510737	0.0513039760581445	0.0635653468493334	0.112609090055992	0.0643776824034335	0.0482929773962036	0.090138014599403	0.0798548094373866	0.0687127805771874	0.0795755968169761	0.13699600821976	0.135845490520347	0.147727272727273	0.122550829063741	0.0766698236594056	0.0690673525769267	0.056090969353934	0.0589779955906927	0.0886648933687993	0.200765333620783	0.122853674047523	0.0896592946802152	0.0471253534401508	0.0948198422996307	0.164432707160297	0.145783492822967	0.196602844542057	0.220264317180617	0.127802951086325
Unassigned|Unassigned|Unassigned|Unassigned|Ruminococcaceae|Ruminococcaceae_UCG-010	0.119318181818182	0.222980716527978	0.176954543365354	0.1076095311299	0.0580686371290866	0.123642439431913	0.197837717342844	0.0511294970716743	0.029927319367251	0.0719292082768773	0.0125121211173324	0.111587982832618	0.203903682339526	0.265981026686763	0.361524500907441	0.169760987308345	0.142351900972591	0.151168009070081	0.220010631386215	0.220454545454545	0.0383894163332201	0.0225499481351193	0.0190530627798419	0.173372087093978	0.13480684706444	0.0874982500349993	0.10509863102296	0.114181649997109	0.14445108587368	0.107995601633679	0.0182985660578235	0.0398624744631023	0.0784988038277512	0.0549071007279619	0.0773901654958924	0.0784245381666086
Unassigned|Unassigned|Unassigned|Unassigned|Ruminococcaceae|Ruminococcaceae_UCG-013	0.5	0.595445712292591	0.528565519143264	0.264753608335468	0.720051100400674	0.649958228905597	0.580974141774409	1.19457097703821	0.444634459170586	0.399792576236597	0.691294691732616	0.678111587982833	1.22744650882018	0.503886278334368	0.808711433756806	0.622456953463932	1.14323607427056	1.30382407822944	0.61868761443506	0.722727272727273	2.50860070577465	1.44094168583412	1.55282461655711	0.624649431441538	0.616460477721764	0.684819636940594	1.58995364880888	0.500086720240504	0.570332735604702	0.61655670750864	1.28755364806867	1.21829687577856	1.20364832535885	0.644715634354133	1.16382902726515	1.63529685140002
Unassigned|Unassigned|Unassigned|Unassigned|Ruminococcaceae|Ruminococcaceae_UCG-014	0.0246212121212121	0.0896905675419802	0.133290435262214	0.0136647023657016	0.139364729109808	0.0284043441938179	0.080806954971021	0.185925443896997	0	0.0685836637058597	0	0.0429184549356223	0.0254879602924408	0.00147767237048202	0	0.0458085203847916	0.0238726790450928	0.0661360039681602	0.031008209792688	0.025	0.444431319857664	0.523158796734768	0.578736781937697	0.112181938707868	0.0744246134834932	0.104997900041999	0.110488304408753	0.0390241082268602	0.0647539350468221	0	0.113118408357454	0.151975683890578	0.198116028708134	0.00354239359535238	0.0595308965353018	0.0871383757406762
Unassigned|Unassigned|Unassigned|Unassigned|Ruminococcaceae|[Eubacterium]_coprostanoligenes_group	1.87689393939394	1.54342518311824	0.949119823505079	1.88743701426253	1.20492422042855	1.74937343358396	1.30545028979046	0.832016361439063	0.872167592988457	1.64098961208411	1.82676968313053	0.888412017167382	6.09430545308203	1.17031651742176	1.39092558983666	1.64371749616017	6.97347480106101	1.15265606915936	1.95351721693934	1.51590909090909	1.78953740753318	1.89419564335002	1.44326950557302	0.706236295956351	1.34104728069313	0.914648373699193	1.21806618518918	2.66086604613517	1.06096832038255	2.38768457430097	0.883321688791296	1.22826249439434	1.0616028708134	1.40455906055722	4.56899630908442	2.84652027419542
Unassigned|Unassigned|Unassigned|Unassigned|Unassigned|Unassigned	0.191287878787879	0.28152872589566	0.298754423863584	0.160560252796994	0.505197143023053	0.165413533834586	0.592119928666964	0.250999349260946	0.26507054296708	0.260952476539369	0.378491663799306	1.70386266094421	0.967201019518412	0.237905251647605	0.333938294010889	0.304491929616556	0.989389920424403	0.420436025226162	3.58956942885831	2.60227272727273	0.116644765012477	0.469038921210481	0.478708202343527	0.507368313701494	0.273826408099645	0.123664193382799	0.227713700549747	0.310747528473146	0.448296473401076	0.420201068174678	0.40589546528263	0.311425581742987	0.370065789473684	0.235569174090933	0.270865579235623	0.275938189845475
Unassigned|Unassigned|Unassigned|Unassigned|Verrucomicrobiaceae|Akkermansia	6.95265151515151	0.335093925955454	7.53780392517351	0.163976428388419	5.50781023169386	3.3015873015873	0.560075791350869	10.2073068699452	0.684053014108593	4.21036784262558	1.8048734711752	5.13733905579399	2.37708766516869	0.144811892307238	1.48384754990926	0.231737220770122	4.1211317418214	3.61622221697333	0.031008209792688	0.0522727272727273	2.56470831426167	5.48414738646101	7.83319043536248	0.624649431441538	1.47444988976732	0.166829996733399	0.417699687398944	0.144533734173556	2.37846184498904	0.398601947847942	14.4558671856805	1.78135432756988	0.287828947368421	6.73586142156255	0.634004048100964	3.55524573021959
