Class	CW	CW	CW	CW	CW	CW	CW	CW	CW	CW	CW	CW	CC	CC	CC	CC	CC	CC	CC	CC	CC	CC	CC	CC
k__Archaea	0.619398498343144	0.321083365219851	2.44647436821024	1.29092880375858	1.79015623689874	0.895203137172056	16.7578892235171	5.53095318083254	7.73578335520853	0.519906964016965	1.01747665788844	0.312634095506651	0.370246160037561	0.716671099683778	0.123411978221416	0.152245964808278	0.123784261715296	0.706238042374283	0.119603094914654	0.279545454545455	1.31262273539357	0.8884679565237	0.878822520720206	0.127479475804396
k__Bacteria	36.958375861635	61.9042073566354	46.4714866149901	34.2464763281532	37.3501215796976	36.0352271676987	37.9180306403038	40.0146596219039	40.3691104384861	39.6223833629772	41.1778788604261	35.1958560657145	42.0001341471594	37.8372787185625	35.8025408348457	33.0171647220501	41.9036251105217	38.4982403098944	29.3116177426023	27.3272727272727	35.0126242119096	40.6733414513147	41.4046870534438	31.2375707511091
k__Archaea|p__Euryarchaeota	0.619398498343144	0.321083365219851	2.44647436821024	1.29092880375858	1.79015623689874	0.895203137172056	16.7578892235171	5.53095318083254	7.73578335520853	0.519906964016965	1.01747665788844	0.312634095506651	0.370246160037561	0.716671099683778	0.123411978221416	0.152245964808278	0.123784261715296	0.706238042374283	0.119603094914654	0.279545454545455	1.31262273539357	0.8884679565237	0.878822520720206	0.127479475804396
k__Bacteria|p__Actinobacteria	0.00978733518826638	14.0328403400489	0.0230527620090482	0	0.0125772100953073	0.00132035860939831	0	0	0	0	0	0	0	0.286668439873511	0.116152450090744	0.118563229231225	0.000884173297966401	0	0.190479003012226	0.143181818181818	0.747117102484976	0.987687728318225	2.74840430599219	0.242211004028351
k__Bacteria|p__Bacteroidetes	12.8787349170174	4.46522151424911	13.3850099415036	2.17997831586556	16.8338969786746	11.4580720123586	12.360874689014	17.896955074367	14.7912034928883	15.5652848086834	18.1110845104142	10.8992827806044	21.6848883224898	24.3535183379141	22.0312159709619	17.5837352806446	17.9071618037135	12.3532607411956	11.8303703266198	11.7909090909091	11.4474286473637	10.9434898299734	10.1457559302658	14.211411962674
k__Bacteria|p__Firmicutes	20.1143720026286	15.4502653512785	17.5316255078812	28.2356342609324	19.2822605438945	20.8577049526651	20.2671205970931	21.8581070763217	24.1207510781346	23.1586628357732	21.1355837522943	21.2376632133881	16.992420685492	12.8823477258622	12.0029038112523	14.6277384064024	18.8992042440318	21.5981292958878	13.6450888902014	12.6727272727273	20.4512232935166	23.0843819059216	20.7821282271125	15.603487838458
k__Bacteria|p__Proteobacteria	0.01538009815299	26.5650734498994	0	0.00144560896277557	0.00279493557673496	0.0475329099383393	0	0	0	0	0	0	0	0	0	0	0	0	0.010336069930896	0.00681818181818182	0.00147651601281616	0	0	0
k__Bacteria|p__Unassigned	0.262859859342011	0.231246568733468	0.0835662622827998	1.05818576075172	0.093630341820621	0.182209488096967	0.138797957313081	0.149650306935834	0.233037794980312	0.702330460163269	0.554624531162716	0.260528412922209	0.391709705546985	0.178798356828324	0.293284936479129	0.299102691924227	0.3342175066313	0.290526017431561	0.208197980036619	0.236363636363636	0.116644765012477	0.469038921210481	0.478708202343527	0.507368313701494
k__Bacteria|p__Verrucomicrobia	3.6772416493058	1.15956013242609	15.4482321413134	2.77123238164077	1.12496156963582	3.48838744603034	5.15123739688359	0.109947164279388	1.22411807248279	0.196105258357276	1.37658606655494	2.79838165879973	2.93111543363069	0.135945858084346	1.35898366606171	0.388025113847646	4.76215738284704	4.25632425537946	3.42714547280137	2.47727272727273	2.24873388751901	5.18874306589095	7.24969038772983	0.673091632247208
k__Archaea|p__Euryarchaeota|c__Methanobacteria	0.619398498343144	0.321083365219851	2.44647436821024	1.29092880375858	1.79015623689874	0.895203137172056	16.7578892235171	5.53095318083254	7.73578335520853	0.519906964016965	1.01747665788844	0.312634095506651	0.370246160037561	0.716671099683778	0.123411978221416	0.152245964808278	0.123784261715296	0.706238042374283	0.119603094914654	0.279545454545455	1.31262273539357	0.8884679565237	0.878822520720206	0.127479475804396
k__Bacteria|p__Actinobacteria|c__Actinobacteria	0.00978733518826638	14.0328403400489	0.0230527620090482	0	0.0125772100953073	0.00132035860939831	0	0	0	0	0	0	0	0.286668439873511	0.116152450090744	0.118563229231225	0.000884173297966401	0	0.190479003012226	0.143181818181818	0.747117102484976	0.987687728318225	2.74840430599219	0.242211004028351
k__Bacteria|p__Bacteroidetes|c__Bacteroidia	12.8787349170174	4.46522151424911	13.3850099415036	2.17997831586556	16.8338969786746	11.4580720123586	12.360874689014	17.896955074367	14.7912034928883	15.5652848086834	18.1110845104142	10.8992827806044	21.6848883224898	24.3535183379141	22.0312159709619	17.5837352806446	17.9071618037135	12.3532607411956	11.8303703266198	11.7909090909091	11.4474286473637	10.9434898299734	10.1457559302658	14.211411962674
k__Bacteria|p__Firmicutes|c__Clostridia	20.0906027600285	15.4486017068991	17.5244215197533	28.1734730755331	19.2626959948573	20.7626391327885	20.2356946444939	21.8061875820786	24.037714622452	22.5612258858941	20.9480488388796	20.7871023110403	16.3257093031055	12.5084966161303	11.8446460980036	13.6415079087063	18.1184792219275	21.2320192739212	13.5520642608233	12.5681818181818	20.3345785285041	22.8994723312136	20.6582833190435	15.5040538473306
k__Bacteria|p__Firmicutes|c__Negativicutes	0.0237692426000755	0.00166364437937746	0.00720398812782757	0.0621611853993495	0.0195645490371447	0.0950658198766785	0.0314259525991882	0.0519194942430443	0.08303645568264	0.597436949879144	0.187534913414731	0.450560902347821	0.666711382386478	0.37385110973195	0.158257713248639	0.986230497696101	0.780725022104332	0.366110021966601	0.0930246293780639	0.104545454545455	0.116644765012477	0.184909574707978	0.123844908068972	0.0994339911274285
k__Bacteria|p__Proteobacteria|c__Alphaproteobacteria	0.0139819074118091	16.9209269826482	0	0.00144560896277557	0	0	0	0	0	0	0	0	0	0	0	0	0	0	0	0	0	0	0	0
k__Bacteria|p__Proteobacteria|c__Gammaproteobacteria	0.00139819074118091	9.64414646725116	0	0	0.00279493557673496	0.0475329099383393	0	0	0	0	0	0	0	0	0	0	0	0	0.010336069930896	0.00681818181818182	0.00147651601281616	0	0	0
k__Bacteria|p__Unassigned|c__Unassigned	0.262859859342011	0.231246568733468	0.0835662622827998	1.05818576075172	0.093630341820621	0.182209488096967	0.138797957313081	0.149650306935834	0.233037794980312	0.702330460163269	0.554624531162716	0.260528412922209	0.391709705546985	0.178798356828324	0.293284936479129	0.299102691924227	0.3342175066313	0.290526017431561	0.208197980036619	0.236363636363636	0.116644765012477	0.469038921210481	0.478708202343527	0.507368313701494
k__Bacteria|p__Verrucomicrobia|c__Opitutae	0	0	0	0	0	0	0	0	0	0.0364846992292607	0	0	0.575491313971427	0.0591068948192807	0.0406533575317604	0.00538923769232842	0.655172413793103	0.1299100077946	3.38137144882169	2.36590909090909	0	0	0	0
k__Bacteria|p__Verrucomicrobia|c__Verrucomicrobiae	3.6772416493058	1.15956013242609	15.4482321413134	2.77123238164077	1.12496156963582	3.48838744603034	5.15123739688359	0.109947164279388	1.22411807248279	0.159620559128016	1.37658606655494	2.79838165879973	2.35562411965927	0.0768389632650649	1.31833030852995	0.382635876155318	4.10698496905393	4.12641424758486	0.0457740239796822	0.111363636363636	2.24873388751901	5.18874306589095	7.24969038772983	0.673091632247208
k__Archaea|p__Euryarchaeota|c__Methanobacteria|o__Methanobacteriales	0.619398498343144	0.321083365219851	2.44647436821024	1.29092880375858	1.79015623689874	0.895203137172056	16.7578892235171	5.53095318083254	7.73578335520853	0.519906964016965	1.01747665788844	0.312634095506651	0.370246160037561	0.716671099683778	0.123411978221416	0.152245964808278	0.123784261715296	0.706238042374283	0.119603094914654	0.279545454545455	1.31262273539357	0.8884679565237	0.878822520720206	0.127479475804396
k__Bacteria|p__Actinobacteria|c__Actinobacteria|o__Corynebacteriales	0	14.0295130512902	0	0	0	0	0	0	0	0	0	0	0	0	0	0	0	0	0	0	0	0	0	0
k__Bacteria|p__Actinobacteria|c__Actinobacteria|o__Micrococcales	0.00978733518826638	0.00332728875875493	0.0230527620090482	0	0.0125772100953073	0.00132035860939831	0	0	0	0	0	0	0	0.286668439873511	0.116152450090744	0.118563229231225	0.000884173297966401	0	0.190479003012226	0.143181818181818	0.747117102484976	0.987687728318225	2.74840430599219	0.242211004028351
k__Bacteria|p__Bacteroidetes|c__Bacteroidia|o__Bacteroidales	12.8787349170174	4.46522151424911	13.3850099415036	2.17997831586556	16.8338969786746	11.4580720123586	12.360874689014	17.896955074367	14.7912034928883	15.5652848086834	18.1110845104142	10.8992827806044	21.6848883224898	24.3535183379141	22.0312159709619	17.5837352806446	17.9071618037135	12.3532607411956	11.8303703266198	11.7909090909091	11.4474286473637	10.9434898299734	10.1457559302658	14.211411962674
k__Bacteria|p__Firmicutes|c__Clostridia|o__Clostridiales	20.0906027600285	15.4486017068991	17.5244215197533	28.1734730755331	19.2626959948573	20.7626391327885	20.2356946444939	21.8061875820786	24.037714622452	22.5612258858941	20.9480488388796	20.7871023110403	16.3257093031055	12.5084966161303	11.8446460980036	13.6415079087063	18.1184792219275	21.2320192739212	13.5520642608233	12.5681818181818	20.3345785285041	22.8994723312136	20.6582833190435	15.5040538473306
k__Bacteria|p__Firmicutes|c__Negativicutes|o__Selenomonadales	0.0237692426000755	0.00166364437937746	0.00720398812782757	0.0621611853993495	0.0195645490371447	0.0950658198766785	0.0314259525991882	0.0519194942430443	0.08303645568264	0.597436949879144	0.187534913414731	0.450560902347821	0.666711382386478	0.37385110973195	0.158257713248639	0.986230497696101	0.780725022104332	0.366110021966601	0.0930246293780639	0.104545454545455	0.116644765012477	0.184909574707978	0.123844908068972	0.0994339911274285
k__Bacteria|p__Proteobacteria|c__Alphaproteobacteria|o__Rhizobiales	0.0139819074118091	16.9209269826482	0	0.00144560896277557	0	0	0	0	0	0	0	0	0	0	0	0	0	0	0	0	0	0	0	0
k__Bacteria|p__Proteobacteria|c__Gammaproteobacteria|o__Pseudomonadales	0.00139819074118091	9.64414646725116	0	0	0.00279493557673496	0.0475329099383393	0	0	0	0	0	0	0	0	0	0	0	0	0.010336069930896	0.00681818181818182	0.00147651601281616	0	0	0
k__Bacteria|p__Unassigned|c__Unassigned|o__Unassigned	0.262859859342011	0.231246568733468	0.0835662622827998	1.05818576075172	0.093630341820621	0.182209488096967	0.138797957313081	0.149650306935834	0.233037794980312	0.702330460163269	0.554624531162716	0.260528412922209	0.391709705546985	0.178798356828324	0.293284936479129	0.299102691924227	0.3342175066313	0.290526017431561	0.208197980036619	0.236363636363636	0.116644765012477	0.469038921210481	0.478708202343527	0.507368313701494
k__Bacteria|p__Verrucomicrobia|c__Opitutae|o__Opitutae_vadinHA64	0	0	0	0	0	0	0	0	0	0.0364846992292607	0	0	0.575491313971427	0.0591068948192807	0.0406533575317604	0.00538923769232842	0.655172413793103	0.1299100077946	3.38137144882169	2.36590909090909	0	0	0	0
k__Bacteria|p__Verrucomicrobia|c__Verrucomicrobiae|o__Verrucomicrobiales	3.6772416493058	1.15956013242609	15.4482321413134	2.77123238164077	1.12496156963582	3.48838744603034	5.15123739688359	0.109947164279388	1.22411807248279	0.159620559128016	1.37658606655494	2.79838165879973	2.35562411965927	0.0768389632650649	1.31833030852995	0.382635876155318	4.10698496905393	4.12641424758486	0.0457740239796822	0.111363636363636	2.24873388751901	5.18874306589095	7.24969038772983	0.673091632247208
k__Archaea|p__Euryarchaeota|c__Methanobacteria|o__Methanobacteriales|f__Methanobacteriaceae	0.619398498343144	0.321083365219851	2.44647436821024	1.29092880375858	1.79015623689874	0.895203137172056	16.7578892235171	5.53095318083254	7.73578335520853	0.519906964016965	1.01747665788844	0.312634095506651	0.370246160037561	0.716671099683778	0.123411978221416	0.152245964808278	0.123784261715296	0.706238042374283	0.119603094914654	0.279545454545455	1.31262273539357	0.8884679565237	0.878822520720206	0.127479475804396
k__Bacteria|p__Actinobacteria|c__Actinobacteria|o__Corynebacteriales|f__Corynebacteriaceae	0	14.0295130512902	0	0	0	0	0	0	0	0	0	0	0	0	0	0	0	0	0	0	0	0	0	0
k__Bacteria|p__Actinobacteria|c__Actinobacteria|o__Micrococcales|f__Micrococcaceae	0.00978733518826638	0.00332728875875493	0.0230527620090482	0	0.0125772100953073	0.00132035860939831	0	0	0	0	0	0	0	0.286668439873511	0.116152450090744	0.118563229231225	0.000884173297966401	0	0.190479003012226	0.143181818181818	0.747117102484976	0.987687728318225	2.74840430599219	0.242211004028351
k__Bacteria|p__Bacteroidetes|c__Bacteroidia|o__Bacteroidales|f__Bacteroidaceae	1.29332643559234	0.296128699529189	0.229086822464917	0.319479580773401	1.39048044942564	1.4840830769637	0.450438653921697	0.632196194606481	0.565183617710872	1.0534956902449	1.10924906232543	0.775455158462576	1.33744717955597	1.66976977864468	0.82032667876588	1.14790762846595	1.04774535809019	1.72189810331389	1.25214104305711	1.29545454545455	3.75773325261712	2.96080819014116	1.54567971801467	0.639946968538065
k__Bacteria|p__Bacteroidetes|c__Bacteroidia|o__Bacteroidales|f__Bacteroidales_BS11_gut_group	0.151004600047538	0.021627376931907	0.00144079762556551	0.0173473075533068	0	0.00528143443759325	0	0	0	0.0957723354768094	0	0.0306504015202599	0.131464216245221	0	0	0.254641480962518	0.0884173297966401	0.0283440017006401	0.533045892150493	0.693181818181818	0.0221477401922424	0.0112749740675596	0.0166714299323616	0.874509204018153
k__Bacteria|p__Bacteroidetes|c__Bacteroidia|o__Bacteroidales|f__Bacteroidales_S24-7_group	0.226506900071308	0.214610124939693	0.769385932051984	0.169136248644742	0.167696134604097	1.26490354780358	1.81746759198638	3.11822374247931	1.79198028553826	0.656724586126693	3.41153938233182	0.156317047753326	0.689516399490241	5.60333362886781	0.222141560798548	1.85793969443022	0.939876215738285	0.262182015730921	1.32006378831729	1.16136363636364	0.695439042036411	0.439723988634826	0.316757168714871	0.851562898373362
k__Bacteria|p__Bacteroidetes|c__Bacteroidia|o__Bacteroidales|f__Prevotellaceae	1.61071573384041	1.55384385033855	1.83845777022159	0.526201662450307	3.96880851896364	2.73314232145451	1.81746759198638	2.42799987783648	0.841078938204805	2.1936425411593	1.81948767057697	2.43364188070864	2.76074854114964	4.58965038271714	5.94990925589837	5.30974643636658	3.77718832891247	2.69031816141909	0.69694642962613	0.822727272727273	1.06161501321482	0.595318630767149	0.421549014004001	0.57365764111978
k__Bacteria|p__Bacteroidetes|c__Bacteroidia|o__Bacteroidales|f__Rikenellaceae	9.59718124746578	2.37901146250977	10.5466386191396	1.1478135164438	11.3069118756813	5.97066163169917	8.27550085111955	11.7185352594448	11.5929606514344	11.5656496556757	11.77080839518	7.50321829215963	16.7657119860487	12.4907645476845	15.0388384754991	9.01350004041928	12.053934571176	7.65051845903111	8.02817317346878	7.81818181818182	5.91049359930308	6.93636404636269	7.84509859959989	11.2717352506246
k__Bacteria|p__Firmicutes|c__Clostridia|o__Clostridiales|f__Christensenellaceae	0.181764796353519	0.129764261591442	0.0950926432873239	0.511745572822552	0.224992313927164	0.352535748709349	0.222600497577583	0.143542131142534	0.141965553263868	0.11401468509144	0.295267736014684	0.419910500827561	0.0804882956603394	0.0842273251174749	0.392014519056261	0.243863005577861	0.129089301503095	0.191322011479321	0.307128935089481	0.25	0.42671312770387	0.527668786361791	0.507287796513289	0.214165519351384
k__Bacteria|p__Firmicutes|c__Clostridia|o__Clostridiales|f__Lachnospiraceae	1.99661637840634	2.67514016203896	6.84090712618506	4.59848211058909	3.2658822214148	5.89540119096347	5.64095849155427	7.2809455456128	6.227734176198	3.35659232909199	1.44441784374751	3.1018206338503	2.38513649473472	2.77654638413571	1.50417422867514	2.27021637789335	2.77188328912467	3.05406618324397	2.40535113106137	2.11590909090909	5.30069248601001	3.94398592883236	3.29617986091264	1.24165009433481
k__Bacteria|p__Firmicutes|c__Clostridia|o__Clostridiales|f__Ruminococcaceae	17.9122215852687	12.6436972832687	10.588421750281	23.0632453921214	15.7718214595154	14.5147021931156	14.3721356553621	14.3816999053233	17.6680148929901	19.0906188717107	19.2083632591174	17.2653711763624	13.8600845127104	9.64772290687709	9.94845735027223	11.1274285252351	15.2175066312997	17.9866310791979	10.8395841946725	10.2022727272727	14.6071729147903	18.4278176160195	16.8548156616176	14.0482382336444
k__Bacteria|p__Firmicutes|c__Negativicutes|o__Selenomonadales|f__Acidaminococcaceae	0.0237692426000755	0.00166364437937746	0.00720398812782757	0.0621611853993495	0.0195645490371447	0.0950658198766785	0.0314259525991882	0.0519194942430443	0.08303645568264	0.597436949879144	0.187534913414731	0.450560902347821	0.666711382386478	0.37385110973195	0.158257713248639	0.986230497696101	0.780725022104332	0.366110021966601	0.0930246293780639	0.104545454545455	0.116644765012477	0.184909574707978	0.123844908068972	0.0994339911274285
k__Bacteria|p__Proteobacteria|c__Alphaproteobacteria|o__Rhizobiales|f__Rhizobiaceae	0.0139819074118091	13.557038047547	0	0.00144560896277557	0	0	0	0	0	0	0	0	0	0	0	0	0	0	0	0	0	0	0	0
k__Bacteria|p__Proteobacteria|c__Alphaproteobacteria|o__Rhizobiales|f__Unassigned	0	3.36388893510123	0	0	0	0	0	0	0	0	0	0	0	0	0	0	0	0	0	0	0	0	0	0
k__Bacteria|p__Proteobacteria|c__Gammaproteobacteria|o__Pseudomonadales|f__Pseudomonadaceae	0.00139819074118091	9.64414646725116	0	0	0.00279493557673496	0.0475329099383393	0	0	0	0	0	0	0	0	0	0	0	0	0.010336069930896	0.00681818181818182	0.00147651601281616	0	0	0
k__Bacteria|p__Unassigned|c__Unassigned|o__Unassigned|f__Unassigned	0.262859859342011	0.231246568733468	0.0835662622827998	1.05818576075172	0.093630341820621	0.182209488096967	0.138797957313081	0.149650306935834	0.233037794980312	0.702330460163269	0.554624531162716	0.260528412922209	0.391709705546985	0.178798356828324	0.293284936479129	0.299102691924227	0.3342175066313	0.290526017431561	0.208197980036619	0.236363636363636	0.116644765012477	0.469038921210481	0.478708202343527	0.507368313701494
k__Bacteria|p__Verrucomicrobia|c__Opitutae|o__Opitutae_vadinHA64|f__Unassigned	0	0	0	0	0	0	0	0	0	0.0364846992292607	0	0	0.575491313971427	0.0591068948192807	0.0406533575317604	0.00538923769232842	0.655172413793103	0.1299100077946	3.38137144882169	2.36590909090909	0	0	0	0
k__Bacteria|p__Verrucomicrobia|c__Verrucomicrobiae|o__Verrucomicrobiales|f__Verrucomicrobiaceae	3.6772416493058	1.15956013242609	15.4482321413134	2.77123238164077	1.12496156963582	3.48838744603034	5.15123739688359	0.109947164279388	1.22411807248279	0.159620559128016	1.37658606655494	2.79838165879973	2.35562411965927	0.0768389632650649	1.31833030852995	0.382635876155318	4.10698496905393	4.12641424758486	0.0457740239796822	0.111363636363636	2.24873388751901	5.18874306589095	7.24969038772983	0.673091632247208
k__Archaea|p__Euryarchaeota|c__Methanobacteria|o__Methanobacteriales|f__Methanobacteriaceae|g__Methanobrevibacter	0.341158540848143	0.207955547422183	1.19442123159381	0.335381279363932	0.641437714860672	0.454203361633019	16.1503208065994	5.24386891854748	7.07952749578121	0.209787020568249	0.690288085547841	0.275853613682339	0.237440472198001	0.641309808789195	0.0116152450090744	0.1279943951928	0.0769230769230769	0.396816023808961	0.0930246293780639	0.252272727272727	1.17825977822729	0.834348080999414	0.828808230923121	0.117281117740044
k__Archaea|p__Euryarchaeota|c__Methanobacteria|o__Methanobacteriales|f__Methanobacteriaceae|g__Methanosphaera	0.278239957495002	0.113127817797668	1.25205313661643	0.955547524394651	1.14871852203807	0.440999775539036	0.607568416917638	0.287084262285069	0.656255859427316	0.310119943448716	0.327188572340595	0.0367804818243119	0.13280568783956	0.0753612908945829	0.111796733212341	0.0242515696154779	0.0468611847922193	0.309422018565321	0.0265784655365897	0.0272727272727273	0.13436295716627	0.0541198755242863	0.0500142897970849	0.0101983580643516
k__Bacteria|p__Actinobacteria|c__Actinobacteria|o__Corynebacteriales|f__Corynebacteriaceae|g__Corynebacterium_1	0	14.0295130512902	0	0	0	0	0	0	0	0	0	0	0	0	0	0	0	0	0	0	0	0	0	0
k__Bacteria|p__Actinobacteria|c__Actinobacteria|o__Micrococcales|f__Micrococcaceae|g__Arthrobacter	0.00978733518826638	0.00332728875875493	0.0230527620090482	0	0.0125772100953073	0.00132035860939831	0	0	0	0	0	0	0	0.286668439873511	0.116152450090744	0.118563229231225	0.000884173297966401	0	0.190479003012226	0.143181818181818	0.747117102484976	0.987687728318225	2.74840430599219	0.242211004028351
k__Bacteria|p__Bacteroidetes|c__Bacteroidia|o__Bacteroidales|f__Bacteroidaceae|g__Bacteroides	1.29332643559234	0.296128699529189	0.229086822464917	0.319479580773401	1.39048044942564	1.4840830769637	0.450438653921697	0.632196194606481	0.565183617710872	1.0534956902449	1.10924906232543	0.775455158462576	1.33744717955597	1.66976977864468	0.82032667876588	1.14790762846595	1.04774535809019	1.72189810331389	1.25214104305711	1.29545454545455	3.75773325261712	2.96080819014116	1.54567971801467	0.639946968538065
k__Bacteria|p__Bacteroidetes|c__Bacteroidia|o__Bacteroidales|f__Bacteroidales_BS11_gut_group|g__Unassigned	0.151004600047538	0.021627376931907	0.00144079762556551	0.0173473075533068	0	0.00528143443759325	0	0	0	0.0957723354768094	0	0.0306504015202599	0.131464216245221	0	0	0.254641480962518	0.0884173297966401	0.0283440017006401	0.533045892150493	0.693181818181818	0.0221477401922424	0.0112749740675596	0.0166714299323616	0.874509204018153
k__Bacteria|p__Bacteroidetes|c__Bacteroidia|o__Bacteroidales|f__Bacteroidales_S24-7_group|g__Unassigned	0.226506900071308	0.214610124939693	0.769385932051984	0.169136248644742	0.167696134604097	1.26490354780358	1.81746759198638	3.11822374247931	1.79198028553826	0.656724586126693	3.41153938233182	0.156317047753326	0.689516399490241	5.60333362886781	0.222141560798548	1.85793969443022	0.939876215738285	0.262182015730921	1.32006378831729	1.16136363636364	0.695439042036411	0.439723988634826	0.316757168714871	0.851562898373362
k__Bacteria|p__Bacteroidetes|c__Bacteroidia|o__Bacteroidales|f__Prevotellaceae|g__Prevotellaceae_UCG-004	1.61071573384041	1.55384385033855	1.83845777022159	0.526201662450307	3.96880851896364	2.73314232145451	1.81746759198638	2.42799987783648	0.841078938204805	2.1936425411593	1.81948767057697	2.43364188070864	2.76074854114964	4.58965038271714	5.94990925589837	5.30974643636658	3.77718832891247	2.69031816141909	0.69694642962613	0.822727272727273	1.06161501321482	0.595318630767149	0.421549014004001	0.57365764111978
k__Bacteria|p__Bacteroidetes|c__Bacteroidia|o__Bacteroidales|f__Rikenellaceae|g__Alistipes	1.24858433187455	0.816849390274335	1.85430654410282	0.146006505240332	1.22418178260991	2.47303167540304	1.54249050674349	2.40051308676664	1.6687648996866	2.05226433164592	3.75867847737611	1.45895911236437	4.50197867060165	1.84709046310252	2.9038112522686	1.75284955942982	3.58178603006189	1.46916408814985	2.88228692930128	3.3	1.50014026902122	0.971902764623641	0.862151090787844	2.58783335882923
k__Bacteria|p__Bacteroidetes|c__Bacteroidia|o__Bacteroidales|f__Rikenellaceae|g__Rikenellaceae_RC9_gut_group	8.34859691559122	1.56216207223544	8.69233207503674	1.00180701120347	10.0827300930714	3.49762995629613	6.73301034437606	9.31802217267813	9.92419575174778	9.51338532402974	8.01212991780385	6.04425917979526	12.263733315447	10.643674084582	12.1350272232305	6.8887930802188	8.47214854111406	6.18135437088126	4.57297265371213	3.95454545454545	4.14753348000059	5.78631669147161	6.84481280365819	8.33460812809138
k__Bacteria|p__Bacteroidetes|c__Bacteroidia|o__Bacteroidales|f__Rikenellaceae|g__dgA-11_gut_group	0	0	0	0	0	0	0	0	0	0	0	0	0	0	0	0.371857400770661	0	0	0.572913590455378	0.563636363636364	0.262819850281276	0.178144590267442	0.138134705153853	0.349293763704044
k__Bacteria|p__Firmicutes|c__Clostridia|o__Clostridiales|f__Christensenellaceae|g__Christensenellaceae_R-7_group	0.181764796353519	0.129764261591442	0.0950926432873239	0.511745572822552	0.224992313927164	0.352535748709349	0.222600497577583	0.143542131142534	0.141965553263868	0.11401468509144	0.295267736014684	0.419910500827561	0.0804882956603394	0.0842273251174749	0.392014519056261	0.243863005577861	0.129089301503095	0.191322011479321	0.307128935089481	0.25	0.42671312770387	0.527668786361791	0.507287796513289	0.214165519351384
k__Bacteria|p__Firmicutes|c__Clostridia|o__Clostridiales|f__Lachnospiraceae|g__Coprococcus_3	0.41386445938955	0.187991814869653	0.309771489496585	0.485724611492591	0.715503507644149	0.409311168913477	2.67906245908079	3.53357969642366	2.75895320493933	0.547270488438911	0.135663554385125	0.536382026604549	0.0670735797169495	0.0458078434849425	0.0159709618874773	0.0363773544232168	0.148541114058355	0.325956019557361	0.0620164195853759	0.0386363636363636	0.277585010409438	0.202949533216074	0.245308183290464	0.0637397379021977
k__Bacteria|p__Firmicutes|c__Clostridia|o__Clostridiales|f__Lachnospiraceae|g__Lachnoclostridium_10	0.117448022259197	0.101482307142025	0.050427916894793	0.180701120346946	0.0181670812487772	0.21125737750373	0.0209506350661254	0.027486791069847	0.018750167412209	0.159620559128016	0.0798020908147793	0.113406485624962	0.495003018311087	0.291101456984957	0.281669691470054	0.645361213656328	0.563218390804598	0.323594019415641	0.442974425609828	0.436363636363636	0.0620136725382787	0.0901997925404772	0.030961227017243	0.198867982254857
k__Bacteria|p__Firmicutes|c__Clostridia|o__Clostridiales|f__Lachnospiraceae|g__Lachnospiraceae_AC2044_group	0.149606409306358	0.291137766391056	0.168573322191165	0.377303939284424	0	0.813340903389361	0.353541966740867	0.189353449592279	0.318752846007554	0.259953482008483	0.251376586066555	0.140991846993196	0.0630491649339325	0.0738836185241008	0.0725952813067151	0.0970062784619116	0.0450928381962865	0.0873940052436403	0.184572677337428	0.168181818181818	0.248054690153115	0.209714517656609	0.164332666476136	0.0790372749987252
k__Bacteria|p__Firmicutes|c__Clostridia|o__Clostridiales|f__Lachnospiraceae|g__Lachnospiraceae_UCG-004	0	0.224591991215958	2.21594674811976	0	0	1.68345722698285	0	0	0	0.0912117480731518	0	0.318764175810703	0.237440472198001	0.189142063421698	0.21923774954628	0.437875562501684	0.156498673740053	0.155892009353521	0	0	0	0	0.00238163284748023	0
k__Bacteria|p__Firmicutes|c__Clostridia|o__Clostridiales|f__Lachnospiraceae|g__Roseburia	0.517330574236937	0.69540335057978	0.348673025386854	0.586917238886881	0.426227675452081	0.551909898728495	0.505434070970276	0.494762239257246	0.399110706345592	0.465179915173074	0.247386481525816	0.312634095506651	0.529881279763901	1.44368590596093	0.403629764065336	0.626498881733179	0.68788682581786	1.15501806930108	0.497607938101707	0.413636363636364	0.761882262613138	0.868173003202093	0.583500047632657	0.566008872571516
k__Bacteria|p__Firmicutes|c__Clostridia|o__Clostridiales|f__Lachnospiraceae|g__Tyzzerella_4	0.434837320507264	0.771930992031143	3.27781459816154	2.13371882905674	1.59451074652729	0.96254142625137	1.81746759198638	2.78227407384785	2.45091474031018	1.02613216582296	0.5426542175405	1.14939005700975	0.572808370782749	0.55708248367172	0.347005444646098	0.246557624424025	0.69053934571176	0.628292037697522	0.630500265784655	0.522727272727273	2.67544701522288	1.70477607901502	1.61712870343908	0.175921676610066
k__Bacteria|p__Firmicutes|c__Clostridia|o__Clostridiales|f__Lachnospiraceae|g__Unassigned	0.363529592707037	0.402601939809346	0.469700025934357	0.834116371521503	0.511473210542497	1.26358318919419	0.264501767709834	0.253489295421922	0.281252511183136	0.807223970447394	0.187534913414731	0.530251946300497	0.419880609028104	0.17584301208736	0.164065335753176	0.180539462693002	0.480106100795756	0.377920022675201	0.587679404642372	0.536363636363636	1.27570983507316	0.868173003202093	0.652567400209584	0.15807454999745
k__Bacteria|p__Firmicutes|c__Clostridia|o__Clostridiales|f__Ruminococcaceae|g__Ruminiclostridium_1	0.0111855259294473	0.0266183100700394	0.00288159525113103	0.307914709071196	0.0698733894183739	1.0179964878461	0.0497577582820479	0.0427572305530953	0.0589290975812284	0.223468782779222	0.0199505227036948	0.205357690185741	0.0321953182641358	0	0.0043557168784029	0.0714073994233516	0.0654288240495137	0.0850320051019203	0.00147658141869943	0	0.00442954803844848	0.0766698236594056	0.0285795941697628	0.0382438427413186
k__Bacteria|p__Firmicutes|c__Clostridia|o__Clostridiales|f__Ruminococcaceae|g__Ruminiclostridium_5	0.416660840871912	0.336056164634248	0.448088061550875	0.763281532345501	1.05369071242908	0.0594161374229241	0.429488018855572	0.781846501542314	0.675006026839525	0.369407579696265	0.367089617747985	1.78385336847913	0.214635455094238	0.178798356828324	0.788384754990926	0.315270405001213	0.282935455349248	0.262182015730921	0.38686433169925	0.290909090909091	0.220000885909608	0.196184548775538	0.161951033628656	0.224363877415736
k__Bacteria|p__Firmicutes|c__Clostridia|o__Clostridiales|f__Ruminococcaceae|g__Ruminococcaceae_UCG-002	0.0880860166943974	0.311101498943586	0.159928536437772	0.477050957715938	0.00978227451857235	0.299721404333417	0	0	0	0.287317006430428	0.0598515681110845	0.01532520076013	0.732443490509088	0.21278482134941	0.223593466424682	0.490420630001886	0.674624226348364	0.720410043224603	0.608351544504164	0.690909090909091	0.531545764613817	0.360799170161909	0.378679622749357	0.333996226607516
k__Bacteria|p__Firmicutes|c__Clostridia|o__Clostridiales|f__Ruminococcaceae|g__Ruminococcaceae_UCG-005	12.5963003872988	6.87417857558768	5.7819208713944	9.18684495843874	11.2733726487604	8.52159446505671	9.54039544323687	8.76217817548789	11.7643907534889	12.7149176813974	15.7609129359189	12.7505670324281	5.11771413240325	7.31891125099743	6.80798548094374	8.36948613618604	5.66136162687887	13.371282802277	6.97094087768	6.65681818181818	9.24003720820352	14.3372570243088	12.8798704391731	11.832644944164
k__Bacteria|p__Firmicutes|c__Clostridia|o__Clostridiales|f__Ruminococcaceae|g__Ruminococcaceae_UCG-009	0.155199172271081	0.116455106556423	0.0633950955248826	0.020238525478858	0.0517063081695967	0.352535748709349	0.0497577582820479	0.0855144611061906	0.0776792649934374	0.296438181237743	0.15561407708882	0.242138172010053	0.10597625595278	0.085704997487957	0.0203266787658802	0.0188623319231495	0.118479221927498	0.262182015730921	0.0915480479593645	0.0863636363636364	0.0634901885510948	0.0428449014567267	0.0476326569496046	0.0305950741930549
k__Bacteria|p__Firmicutes|c__Clostridia|o__Clostridiales|f__Ruminococcaceae|g__Ruminococcaceae_UCG-010	0.0349547685295228	0	0.0201711667579172	0.020238525478858	0.0153721456720423	0.0184850205315764	0.0995155165640959	0.140488043245885	0.131251171885463	0.022802937018288	0.0159604181629559	0.12260160608104	0.203903682339526	0.265981026686763	0.361524500907441	0.169760987308345	0.142351900972591	0.151168009070081	0.220010631386215	0.220454545454545	0.0383894163332201	0.0225499481351193	0.0190530627798419	0.173372087093978
k__Bacteria|p__Firmicutes|c__Clostridia|o__Clostridiales|f__Ruminococcaceae|g__Ruminococcaceae_UCG-013	1.05563400959159	0.484120514398842	0.713194824654929	2.28550777014817	0.640040247072305	0.644335001386377	0.371873772423727	0.644412546193079	0.533040473575657	3.21977470698226	0.494772963051632	0.609942990253172	1.22744650882018	0.503886278334368	0.808711433756806	0.622456953463932	1.14323607427056	1.30382407822944	0.61868761443506	0.722727272727273	2.50860070577465	1.44094168583412	1.55282461655711	0.624649431441538
k__Bacteria|p__Firmicutes|c__Clostridia|o__Clostridiales|f__Ruminococcaceae|g__Ruminococcaceae_UCG-014	1.03466114847387	0.241228435009732	1.32985620839697	3.68341163715215	1.30243997875849	0.32084714208379	0.159748592379206	0.0519194942430443	0.206251841534299	0.118575272495097	0.339158885962812	0.190032489425611	0.0845127104433564	0.0325087921506044	0.00725952813067151	0.118563229231225	0.104332449160035	0.207856012471361	0.0634930010040754	0.0386363636363636	0.571411696959853	0.63139854778334	0.71687148709155	0.173372087093978
k__Bacteria|p__Firmicutes|c__Clostridia|o__Clostridiales|f__Ruminococcaceae|g__[Eubacterium]_coprostanoligenes_group	2.519539715608	4.25393867806818	2.06898539031208	6.31875677629201	1.35554375471645	3.27977078574541	3.67159879533848	3.87258345295178	4.22146626309164	1.83791672367401	1.99505227036948	1.34555262673941	6.1412569588839	1.04914738304223	0.926315789473684	0.951200452695966	7.02475685234306	1.62269409736165	1.87821156458567	1.49545454545455	1.42926750040604	1.31917196590448	1.06935314851862	0.617000662893274
k__Bacteria|p__Firmicutes|c__Negativicutes|o__Selenomonadales|f__Acidaminococcaceae|g__Phascolarctobacterium	0.0237692426000755	0.00166364437937746	0.00720398812782757	0.0621611853993495	0.0195645490371447	0.0950658198766785	0.0314259525991882	0.0519194942430443	0.08303645568264	0.597436949879144	0.187534913414731	0.450560902347821	0.666711382386478	0.37385110973195	0.158257713248639	0.986230497696101	0.780725022104332	0.366110021966601	0.0930246293780639	0.104545454545455	0.116644765012477	0.184909574707978	0.123844908068972	0.0994339911274285
k__Bacteria|p__Proteobacteria|c__Alphaproteobacteria|o__Rhizobiales|f__Rhizobiaceae|g__Rhizobium	0.0139819074118091	13.557038047547	0	0.00144560896277557	0	0	0	0	0	0	0	0	0	0	0	0	0	0	0	0	0	0	0	0
k__Bacteria|p__Proteobacteria|c__Alphaproteobacteria|o__Rhizobiales|f__Unassigned|g__Unassigned	0	3.36388893510123	0	0	0	0	0	0	0	0	0	0	0	0	0	0	0	0	0	0	0	0	0	0
k__Bacteria|p__Proteobacteria|c__Gammaproteobacteria|o__Pseudomonadales|f__Pseudomonadaceae|g__Pseudomonas	0.00139819074118091	9.64414646725116	0	0	0.00279493557673496	0.0475329099383393	0	0	0	0	0	0	0	0	0	0	0	0	0.010336069930896	0.00681818181818182	0.00147651601281616	0	0	0
k__Bacteria|p__Unassigned|c__Unassigned|o__Unassigned|f__Unassigned|g__Unassigned	0.262859859342011	0.231246568733468	0.0835662622827998	1.05818576075172	0.093630341820621	0.182209488096967	0.138797957313081	0.149650306935834	0.233037794980312	0.702330460163269	0.554624531162716	0.260528412922209	0.391709705546985	0.178798356828324	0.293284936479129	0.299102691924227	0.3342175066313	0.290526017431561	0.208197980036619	0.236363636363636	0.116644765012477	0.469038921210481	0.478708202343527	0.507368313701494
k__Bacteria|p__Verrucomicrobia|c__Opitutae|o__Opitutae_vadinHA64|f__Unassigned|g__Unassigned	0	0	0	0	0	0	0	0	0	0.0364846992292607	0	0	0.575491313971427	0.0591068948192807	0.0406533575317604	0.00538923769232842	0.655172413793103	0.1299100077946	3.38137144882169	2.36590909090909	0	0	0	0
k__Bacteria|p__Verrucomicrobia|c__Verrucomicrobiae|o__Verrucomicrobiales|f__Verrucomicrobiaceae|g__Akkermansia	3.6772416493058	1.15956013242609	15.4482321413134	2.77123238164077	1.12496156963582	3.48838744603034	5.15123739688359	0.109947164279388	1.22411807248279	0.159620559128016	1.37658606655494	2.79838165879973	2.35562411965927	0.0768389632650649	1.31833030852995	0.382635876155318	4.10698496905393	4.12641424758486	0.0457740239796822	0.111363636363636	2.24873388751901	5.18874306589095	7.24969038772983	0.673091632247208
