#OTUID	CW-a	CW-b	CW-c	CW-d	CW-e	CW-f	CC-a	CC-b	CC-c	CC-d	CC-e	CC-f
CBM90	0	0	0	0	0	0	0	0	0	0	0	0
PL39	0	0	0	0	0	0	0	2	0	0	0	0
CBM52	0	0	0	0	0	0	0	0	0	0	0	0
GH119	1	1	0	0	0	0	0	4	6	8	3	0
GT112	0	0	0	0	2	2	0	16	0	4	1	7
GT108	10	3	4	6	0	3	40	54	46	102	55	43
GT91	0	0	0	0	6	11	0	0	0	0	0	0
GH169	3	0	0	0	0	18	0	0	0	0	0	0
GT59	0	0	0	0	8	27	0	0	2	0	0	0
GH68	0	0	0	0	0	0	0	11	0	0	0	0
GH147	3	15	17	14	24	29	16	15	28	10	27	26
GH131	1	0	0	1	9	11	0	2	2	1	0	0
AA7	3	0	0	3	35	36	0	20	12	6	0	0
CBM59	15	2	5	0	53	23	14	9	9	15	13	29
GT95	3	0	0	0	17	16	0	0	4	0	0	0
GH22	0	0	0	0	16	5	0	0	28	0	0	0
GT45	0	0	0	0	0	0	0	0	0	0	0	0
GT76	5	7	0	0	64	35	0	20	53	5	0	3
GT24	4	0	0	0	76	78	0	9	7	4	0	0
GT21	15	0	2	1	15	10	14	4	6	13	4	10
GT74	0	0	6	14	5	2	14	2	12	2	27	62
CBM78	36	20	29	1	9	16	72	76	259	225	61	156
GH159	31	28	60	122	27	20	107	112	88	59	119	71
PL31	39	7	14	3	8	9	55	39	110	81	51	188
GT80	14	17	13	20	13	3	64	8	0	16	69	46
PL30	0	0	0	0	0	0	0	0	0	0	0	0
CBM17	4	22	4	0	9	8	7	12	10	12	22	29
GH46	8	43	8	9	11	16	54	9	109	52	59	119
CBM10	36	22	15	19	6	5	39	111	59	73	22	45
GH70	1	10	14	8	63	43	7	7	24	3	9	3
CBM73	2	8	12	13	0	1	7	4	4	6	8	39
CE13	0	0	0	0	6	14	0	0	4	2	0	0
GH129	176	135	89	43	92	100	193	247	244	184	208	357
GH149	5	19	10	0	32	22	0	0	6	13	1	0
GT49	17	7	14	9	27	33	0	10	13	28	13	7
CBM83	17	72	26	28	20	12	53	6	8	18	42	29
CBM11	0	0	0	0	3	3	0	5	0	7	0	0
GT57	16	23	18	29	125	155	25	115	69	42	21	31
GH126	38	152	95	76	33	24	70	86	38	102	130	73
AA5	158	320	113	183	248	300	272	185	312	226	177	201
PL42	153	175	162	60	48	58	249	118	114	249	186	270
GH138	130	87	154	32	36	36	140	43	51	93	127	210
CBM75	11	3	0	0	5	1	4	4	11	5	11	11
GH139	179	114	179	39	48	43	134	41	55	104	149	245
CBM56	70	75	29	73	47	64	65	38	63	55	74	88
GT107	7	0	1	0	0	0	23	1	17	39	10	6
GH144	132	184	214	97	78	57	136	163	138	72	96	200
GH135	39	10	10	13	55	40	20	192	92	159	22	17
GH93	47	27	11	25	34	30	40	224	99	107	48	76
GT50	115	108	79	368	1114	1331	32	70	72	82	75	71
GT85	0	0	0	0	0	0	0	1	0	2	0	0
CBM89	127	166	83	155	57	62	113	149	321	119	101	115
CBM60	6	0	39	0	0	0	15	0	0	3	13	0
CBM97	166	130	214	61	52	45	135	62	79	92	134	228
GH96	65	96	50	16	50	56	74	74	69	90	60	28
GH52	25	2	9	4	7	3	16	22	32	11	23	27
GH86	208	123	113	175	159	140	181	174	234	175	167	210
GT92	158	144	130	105	66	50	186	137	141	215	143	152
GT10	390	494	220	408	324	381	417	431	794	372	421	300
CBM63	27	9	23	0	9	10	30	115	123	129	25	121
GH176	103	54	55	52	181	181	60	235	131	186	73	75
CBM18	36	58	63	61	115	89	30	37	32	43	14	46
GH98	161	97	77	74	66	59	297	134	198	226	238	136
GT55	0	0	0	0	0	0	0	0	0	0	0	0
GT23	38	137	50	50	115	99	46	55	66	60	34	25
CBM93	975	702	767	807	399	348	400	838	607	454	282	270
GT31	417	269	176	205	382	400	201	468	667	480	225	311
GT56	13	9	22	4	7	11	38	4	0	2	17	118
GT97	0	0	4	8	4	0	0	0	2	0	0	0
GH114	146	79	1049	193	58	65	219	573	476	544	283	97
GH166	78	40	20	45	216	189	26	0	15	5	21	16
GH107	6	0	0	21	0	0	13	9	5	2	13	8
GH59	38	71	110	31	26	31	46	111	244	73	86	117
GH111	2	5	0	2	0	0	7	2	4	2	9	8
PL40	179	114	39	155	36	34	93	184	134	228	75	38
GH44	127	72	72	8	26	28	202	386	318	256	177	504
CBM68	40	39	18	30	39	37	46	44	46	40	36	22
AA9	191	158	128	148	287	285	142	168	190	114	200	193
GT15	104	69	40	66	134	96	53	122	49	117	70	142
PL26	141	148	67	68	161	177	138	163	198	161	100	77
GH102	36	19	0	7	14	22	8	9	18	21	16	14
GT64	61	66	29	215	666	831	22	105	136	90	63	72
CE16	3	2	0	3	40	21	0	0	4	7	0	16
PL4	36	50	18	56	49	45	86	325	203	256	79	137
CBM3	517	669	548	330	381	377	862	882	1482	1465	844	1374
GT105	654	731	742	625	518	496	775	922	842	996	1001	972
GT99	28	30	13	18	25	44	49	40	66	28	30	24
PL14	25	2	14	0	0	0	11	157	0	66	5	1
GT113	480	683	149	384	805	734	138	145	193	124	142	268
GH172	678	659	831	802	553	649	1017	775	787	936	1230	1089
GH137	351	279	384	190	212	185	331	273	269	326	334	416
CBM47	169	149	90	181	94	102	249	196	206	237	363	286
GT62	49	20	29	16	41	47	38	13	46	24	38	13
GH177	634	587	1202	621	423	445	406	671	830	587	342	323
CBM27	132	64	84	97	77	67	119	125	115	120	90	45
GH108	173	246	93	493	161	183	297	177	306	276	327	104
GH120	934	1191	1102	931	1101	1111	702	983	1473	1985	1057	860
GH151	1176	1186	1069	1015	1087	1175	2083	1763	1632	1726	2095	1827
CBM4	2185	1918	1783	1813	935	987	1743	1491	2166	2224	1521	1979
GH175	1058	1053	1196	859	1092	1032	991	1013	992	1103	1062	1152
GT17	578	540	505	474	474	494	592	380	545	503	634	732
PL10	807	694	696	632	220	200	879	583	817	787	707	1010
PL41	0	0	0	0	0	0	0	0	0	0	0	0
GH128	805	659	559	782	619	535	419	484	524	313	350	255
CBM16	616	505	413	527	496	494	696	684	608	902	713	637
CBM23	291	257	222	305	230	209	407	340	320	415	452	401
GT7	100	80	65	129	178	201	72	84	154	137	80	245
GH37	605	565	351	511	396	379	495	451	595	433	500	740
CBM37	1611	1757	1818	1462	1787	1911	2527	2382	4022	3377	2609	3728
GH123	3334	2763	3705	3109	2320	2284	4458	4279	4011	3672	4208	3625
GH130	5593	5790	4768	5298	5233	4966	5379	6382	5937	6393	5433	5652
GT93	0	0	0	0	0	0	0	0	0	0	0	0
GH74	427	607	537	351	352	337	702	877	894	1257	674	1193
GH12	3775	3701	3232	3038	2754	2744	3382	4174	3811	4638	3761	4227
GH77	14173	14342	14064	14425	11263	10999	14987	14843	13062	14501	15446	14697
GH18	7670	7660	7431	5290	6337	6488	7801	6214	6535	7013	7575	8681
GH121	30	58	0	4	5	17	47	85	55	69	56	72
GT90	2435	2560	2048	2051	2475	2687	2574	2435	2895	2994	2712	3012
GT60	8	0	0	8	0	0	0	4	4	4	0	0
AA15	5	0	0	8	12	11	10	0	5	26	13	9
GT5	12522	12585	11288	12071	10843	10425	11581	12419	12467	12893	12337	12881
GT22	1654	1462	2373	1335	1867	2094	1538	2097	1660	1918	1730	1560
GH164	56	20	7	14	2	11	2	44	50	25	1	1
GH153	49	7	7	3	13	14	37	26	23	26	36	68
CBM20	6146	5777	4913	6223	4352	4143	5084	6220	5741	5055	4596	4771
CBM58	93	101	28	106	30	46	147	72	97	115	91	166
GH15	573	480	428	290	437	342	498	1293	781	1255	522	558
GH109	4765	3956	3884	4094	2667	2537	5324	5730	5940	4602	5313	4871
CBM2	3494	3555	2912	2713	2657	2575	3293	3727	4016	4487	3339	4267
GH146	2689	2078	1883	1951	1239	1169	2495	2173	2169	2758	2253	1597
CBM13	16913	16280	13621	14532	14116	14282	14415	16099	16321	17198	14692	16160
GH160	19	34	6	9	3	8	16	14	25	10	15	2
GH170	1874	1665	1402	1836	1427	1475	2348	2141	1653	1551	2138	1868
GH29	12028	10072	9282	10630	7110	6898	11679	12655	12726	11165	10856	10157
GT94	0	0	0	0	0	0	0	18	3	5	0	0
CBM40	620	385	602	572	206	223	505	1209	1005	397	305	471
CBM70	128	250	150	22	156	220	188	161	196	134	159	173
GT111	1266	1695	1297	1938	2292	2094	1424	961	1289	1244	1552	1896
AA8	0	0	0	0	0	0	2	13	0	13	12	4
CE20	6469	4985	5996	5502	3122	2763	4289	5426	5069	4685	3410	3777
GH156	61	145	49	9	91	93	93	124	167	142	133	71
CBM72	1555	1136	997	1072	484	443	739	1226	998	805	585	456
AA6	0	3	2	5	32	41	0	2	25	9	2	0
GT96	316	496	383	272	233	305	465	498	355	483	546	481
GH5	30816	28046	26019	24937	21661	21476	24333	29313	29320	29379	23559	26898
AA4	355	354	170	469	1186	951	240	388	388	332	307	277
CBM25	650	786	713	502	531	452	455	255	249	459	460	749
PL17	176	386	247	223	151	188	375	320	272	296	309	413
GH1	7387	7617	4804	7102	7820	8019	5716	7738	7209	7824	6808	6872
PL11	2125	2310	1177	1552	851	728	2781	2545	2890	2913	2685	2567
CBM32	10065	8534	8342	7574	4445	4348	8662	10124	9574	9670	9343	9779
GH82	0	0	0	0	0	0	11	0	0	0	16	0
GH34	19142	18026	18376	16103	12425	12418	16207	18030	17270	20168	17293	18249
GT104	134	122	70	143	90	54	95	199	242	153	153	125
PL37	117	53	79	84	24	11	72	107	112	87	95	120
GT106	9464	9387	8247	10282	7075	7196	8324	9881	9097	10027	9647	10447
CBM79	76	20	24	0	22	25	89	109	341	301	78	267
GT12	83	183	60	42	172	144	57	53	43	16	77	63
GH72	6951	6635	6952	6279	6326	6511	5964	6289	5871	7010	6439	6297
CBM62	2327	1945	2033	1555	1237	1129	1402	2913	2748	1707	1077	1390
PL3	15	8	18	22	76	65	24	0	17	19	29	9
GH36	10875	10408	12271	11627	8427	8410	12482	12782	11531	11754	12851	12305
GH94	7270	7851	7393	6273	5445	4746	7028	6669	7368	9437	7542	9302
GT47	4611	3561	4554	4507	4501	4552	3152	4751	4857	3561	2937	2576
CBM71	92	38	17	82	14	15	37	76	69	152	61	25
CBM22	3104	2525	2706	2235	2448	2476	3201	3951	4969	4834	3473	3448
PL2	0	3	0	0	0	0	9	24	0	0	22	14
CBM9	2418	2443	1855	1496	1964	2050	4612	3149	3540	3409	4312	3107
PL36	0	0	15	0	0	0	0	0	0	0	0	0
GH79	2592	3396	3052	3803	1289	1191	2447	3785	2278	3168	3148	4273
CBM28	13	26	4	0	9	8	7	14	13	28	22	29
CE9	13432	14015	13678	14131	12227	12652	13704	15910	13978	15162	15032	14885
GH8	1560	1049	932	1025	737	714	1173	1303	1407	1568	1043	794
CBM6	9334	6781	6749	6887	4938	4387	6137	7332	6760	7739	5696	5891
GH178	0	0	0	0	0	0	0	1	0	2	0	0
CBM86	77	109	79	16	71	72	90	83	309	185	95	64
GH3	55799	59851	53698	56111	44280	43302	54120	62138	55234	61322	56268	60397
GH78	16352	16796	11686	16073	13277	14038	18579	18918	16979	16897	18102	17176
GH117	1296	1265	1773	803	1108	1018	947	1248	1140	933	896	869
CE2	1807	1539	1649	1401	885	828	1421	1604	1787	1831	1194	1524
GT1	31013	30986	27890	27335	22121	21571	27422	29869	30603	33054	29471	31393
GH154	1328	1527	1233	1708	2095	2120	1635	1423	1621	1841	1863	1381
CBM64	12	2	0	0	0	3	2	3	0	19	5	10
GT28	17713	17418	17903	17158	16458	16447	16715	17694	16406	19003	17652	18069
GH31	16823	16834	18336	17182	12019	11539	16040	17341	16372	17794	16821	16381
GH158	77	70	44	51	62	60	72	100	53	135	51	76
PL21	184	188	116	145	234	185	217	182	148	87	178	177
CBM51	1493	1337	2689	1261	846	835	1674	1623	1581	1780	1880	1627
GT116	9741	9206	9380	8553	6762	7564	8513	8566	8939	9261	8436	8897
GT14	704	549	638	635	516	702	745	636	696	828	787	478
CE14	8533	8103	8409	6707	6736	6748	7972	8304	7999	8585	7789	7709
CBM48	33066	33070	30678	32724	26426	26518	29821	34331	30799	33939	30728	32716
GH54	78	82	19	76	59	46	19	22	40	23	5	3
CBM74	138	239	89	79	178	158	159	93	83	94	185	153
CE3	321	276	403	187	386	365	518	494	637	666	521	667
CBM42	111	47	45	49	83	103	120	170	161	116	90	64
GH167	123	101	77	20	112	109	152	161	128	98	150	127
GH165	887	662	576	513	812	913	655	853	766	613	651	674
GH71	138	126	120	208	96	160	119	169	169	171	129	233
CBM14	4536	4453	4742	3940	3298	3509	5100	4577	5201	5202	5250	5295
GH125	2340	3142	1759	2217	1633	1471	2487	2651	2288	1664	2223	1519
CBM46	0	3	0	0	0	0	27	2	35	10	14	0
GH103	1210	845	946	769	689	764	1095	874	940	978	1105	1003
CE12	6834	6099	6317	5605	3252	3285	7170	7269	6343	6641	6898	5938
GH92	8729	8736	6374	7954	5270	5008	8595	11828	10728	7556	7249	6177
GH58	6	0	0	0	0	0	2	0	0	2	0	0
GH142	473	374	345	237	410	418	423	439	421	417	412	530
GH99	12	33	0	14	10	7	2	12	0	6	10	2
CBM76	53	30	39	5	17	19	113	69	157	101	111	203
CE4	14830	15882	15725	14177	14227	14087	15671	14967	14947	15855	16067	16657
GH13	112967	111334	107589	109603	85526	84725	101711	115108	105131	112709	105261	111588
GT9	13809	12862	14725	11168	10065	9841	12903	13422	13150	13551	12478	11881
GH88	3294	3947	2824	3003	2553	2771	4030	3397	3519	3574	3891	3198
CBM34	3784	4143	3714	4574	3334	3445	4452	3840	3526	4306	5045	4577
GT25	113	45	64	14	37	57	308	78	157	109	458	99
GH104	313	115	196	373	340	405	398	371	654	330	348	266
GT13	1109	923	869	931	690	685	823	1023	986	848	677	874
GT2	161121	157986	155327	157305	164180	160013	153518	164543	159921	161894	154270	158082
GH39	5399	5261	4581	4830	4670	5030	5448	5736	5480	6353	5835	5937
CE8	22723	23026	22174	20862	16890	16939	21625	21781	22184	24248	22179	23253
GT77	11224	10358	10308	9361	7731	8039	9381	9295	9256	10699	9228	9614
GH35	24326	23561	20389	23331	18648	18777	23230	25999	24176	25383	23315	22893
CBM44	99	74	69	70	54	40	43	65	157	89	34	269
GT6	76	27	20	66	20	50	73	25	75	91	41	85
CBM24	0	0	0	3	37	28	0	1	6	4	0	0
GH113	256	471	265	173	391	321	331	424	400	604	388	451
GH2	59960	62770	57173	60361	46171	46080	60723	64552	59063	64170	62804	63285
GH97	11342	8202	7862	9235	4462	4171	8128	10248	8734	7944	7234	7702
PL6	195	316	96	102	76	87	125	243	197	166	173	69
GT71	0	0	2	5	82	96	0	3	11	9	0	0
GH43	47309	43508	42173	42792	29054	27574	45888	45657	42704	48001	44171	37718
GH143	166	122	197	65	76	81	196	105	91	111	149	264
GH133	5780	5424	5833	5286	3553	2814	4022	4695	4128	4129	3879	4291
GH4	4861	5429	4736	5085	4895	5018	7031	5769	5737	6980	7877	6608
PL1	7458	6264	5824	5881	3278	3235	5889	6275	6783	6154	5253	6499
GT48	12	2	4	13	111	102	0	6	13	3	2	0
GT33	540	466	463	327	771	671	482	607	456	527	390	514
GH89	3147	2174	3593	2991	1267	1266	2370	3217	3354	2322	2084	2063
GH173	1046	759	548	770	691	716	585	752	1350	718	453	310
CBM21	0	0	2	0	61	33	0	3	0	0	0	0
GT103	106	52	10	30	42	14	35	39	34	3	36	48
GH116	903	748	726	793	950	995	1241	1161	1320	1083	1356	1166
CBM50	60191	64418	61056	55520	49387	49562	58098	57025	55029	61873	61581	61802
GH95	7700	6848	6494	5914	4077	4333	8008	8635	7843	7726	7508	7074
GT102	106	52	10	30	42	14	35	39	34	17	36	48
GH100	310	294	607	709	410	423	1070	496	593	506	899	571
GH20	13832	11662	14114	13378	8712	8929	12705	16495	15965	12539	11670	10782
CBM91	10710	10371	9303	9071	7156	7007	9437	10583	10566	11904	9877	9859
PL9	636	730	711	593	387	343	835	820	1193	1438	881	1370
GT89	0	0	0	0	0	0	0	0	1	5	0	0
GH48	88	12	31	0	29	13	93	87	238	181	97	148
AA2	185	244	250	141	344	319	157	183	225	249	152	154
GT35	21183	22055	21609	21305	17691	17900	20707	21515	20828	23775	22066	23260
GH57	3902	3267	4378	3281	2194	2066	2634	3235	2951	2610	2276	2478
CBM77	363	301	240	367	109	102	341	574	1203	817	361	500
GH11	309	210	191	31	136	128	269	391	873	990	186	400
GH106	6513	6979	6288	6936	5264	5317	7286	7917	6872	7232	7685	7165
GH28	50284	47932	45628	44678	36958	36261	44710	45591	44936	50366	45977	47800
GH76	2055	2096	1208	1495	1191	1330	1299	2662	2143	1925	1215	1354
GT19	8937	8111	9376	8250	6327	6864	8266	8869	8247	7707	8094	7460
GH25	8200	8752	6882	9166	9406	9151	7667	8843	8810	8654	8323	9526
GT27	4771	3843	3946	4202	4841	4659	3470	3902	4170	3488	3152	3119
GH105	5741	6197	4905	5096	3030	2987	7119	5851	5935	7340	7141	6274
GT51	29842	29751	30395	26775	23441	23098	24791	28073	26474	29056	25194	25921
CE1	342	235	283	377	133	100	252	365	432	437	293	270
GT84	2798	2826	3010	1803	1960	1430	2433	1431	1431	3057	2757	3489
CBM8	0	0	23	0	0	0	0	0	0	0	0	0
GH55	1085	979	707	822	927	820	789	1189	1017	1280	864	978
GH62	44	11	20	16	79	64	28	35	59	38	26	16
GH33	8373	7405	9013	6778	5828	5690	9105	9523	10212	8201	9035	8832
GH148	263	306	163	198	140	137	230	377	500	441	204	267
CBM85	62	53	33	39	12	16	56	68	48	42	53	12
GH110	1313	965	1414	966	416	454	1055	1472	1334	885	981	826
GH47	9048	9170	7998	8191	7633	8015	8869	9250	8349	10850	9626	10674
GT100	173	318	282	102	502	339	193	194	330	218	146	196
GH65	2279	2854	2208	2978	2161	2368	1969	2711	2298	2218	2124	2237
GH49	1890	2062	1932	1721	1900	1764	2170	1751	1625	1833	2353	1875
GH45	32	66	43	31	46	52	34	41	32	34	41	61
GH87	71	157	117	132	104	123	177	159	90	118	220	178
CBM84	245	194	230	170	220	270	325	227	367	354	465	294
GH16	7187	6648	6737	6167	4771	4667	4634	6708	6925	6033	4233	4854
GH30	2660	2630	1963	2116	2048	2088	2560	2984	3057	3103	2500	2999
GH38	15600	15354	13304	13536	11657	12659	19901	16651	15814	17423	20546	17926
GH112	1764	2032	1668	2072	1196	1145	2002	2040	1776	2161	2259	2161
CE7	1418	1336	1054	1013	898	974	1153	1553	1395	1293	1052	1035
GH64	67	14	12	27	48	75	67	68	45	44	81	20
GT41	821	666	1015	616	573	516	693	915	1082	642	608	673
GH73	9435	9159	9289	9312	7713	8113	8420	7975	8257	8123	9105	9420
PL13	0	0	0	0	0	0	0	0	0	0	0	0
CE15	3224	3291	2916	3077	2328	2334	3832	3848	3487	3578	3495	3228
GH171	5342	4704	4231	4707	3566	3419	3908	4264	4079	3935	3488	2934
GT11	354	311	315	361	240	185	200	195	636	702	181	173
GH51	8672	8240	7190	8078	4657	4513	9413	9220	8072	10187	9653	7507
CBM67	3210	2952	2342	2588	2900	3155	3889	3646	3297	3147	3790	3564
CE11	3891	2949	4038	3106	2116	2295	3427	4121	4273	2950	2789	2770
GH161	119	217	236	110	120	117	140	127	219	171	213	156
PL27	19	18	19	35	99	119	47	41	74	35	37	22
GT61	147	110	129	100	82	112	102	139	105	155	144	123
GT43	363	380	275	236	286	289	281	295	280	383	355	369
CBM26	1947	2269	2820	1892	1653	1568	2443	1507	1352	1727	3118	2659
GT39	1580	1975	1889	1919	1408	1396	1833	2255	1751	2552	2321	1704
GH75	5	7	0	19	16	22	20	8	4	9	3	0
GT29	168	151	154	96	115	120	136	209	217	202	133	207
GT32	11292	10220	10171	9160	8623	8847	10555	10042	9631	10336	10482	10324
PL35	857	1458	839	1051	624	707	900	986	1051	835	777	622
GH124	15	1	26	0	6	2	17	17	69	36	6	26
GH23	19788	18250	21872	16406	16317	16109	19943	18280	18047	16973	19414	19655
CBM38	441	347	371	285	271	301	320	765	536	416	327	394
GT82	35	45	29	27	121	114	32	16	25	45	28	44
GT68	283	344	275	338	201	219	285	300	299	402	345	333
CBM36	170	98	98	22	37	38	67	125	351	313	45	83
GT3	3302	2501	2538	3004	1843	1768	2253	3025	2975	2009	1481	1471
GH127	3353	2975	2741	3218	2449	2322	3991	3596	3832	3723	3932	3436
GT30	2585	2329	3091	1991	1704	1656	2472	2961	2876	2813	2456	2341
CBM88	317	185	218	481	92	96	224	403	272	428	229	110
GH85	623	223	145	291	172	161	370	824	600	758	416	658
GH163	730	729	696	590	376	408	769	994	922	785	733	624
AA17	193	245	153	155	138	149	132	249	204	202	212	263
GT87	509	565	377	371	214	367	390	1476	846	1104	442	537
CBM66	1437	1201	1224	1185	1151	1041	1550	1482	1213	1874	1852	1864
GT53	0	0	0	2	0	0	0	0	1	19	0	0
GT58	8151	7536	8201	8188	6123	5961	7446	8457	7672	8642	8161	8038
GH136	953	766	537	1139	469	544	642	757	843	794	746	875
CBM54	1779	1837	1283	1285	1335	1369	2255	1657	1907	2075	2209	2150
CBM65	103	124	91	21	37	35	149	140	117	182	127	235
GH24	2477	2284	2644	2863	3701	4215	2619	3003	2789	2623	2253	2616
GH19	955	953	525	1365	411	437	699	1357	1061	928	937	566
CBM96	512	489	365	293	316	361	735	443	481	512	900	490
GT101	140	285	205	94	362	438	196	452	350	321	177	316
CBM92	295	294	192	307	430	428	193	240	273	183	196	247
CBM12	339	403	232	615	452	447	726	528	466	355	923	807
CE6	3662	2812	2660	2825	2503	2346	2560	3184	2387	3012	2213	1825
GT34	377	287	165	182	193	182	242	337	266	309	199	298
PL15	54	89	81	47	87	93	166	226	127	214	150	195
AA1	1073	764	889	754	872	894	1207	1300	1329	924	945	830
GH152	2710	2685	2482	2126	2080	2031	2242	2907	2457	3049	2090	1980
GH53	5662	4820	4757	5496	2625	2307	4353	4590	4613	4416	3858	4730
PL38	31	79	86	90	39	66	21	58	55	27	26	11
PL29	116	75	83	179	48	26	82	188	184	114	56	83
GH27	4865	5363	5053	3933	4481	4636	6315	4934	5541	5901	6366	5751
GH42	3081	3364	2896	2371	2357	2104	2796	3565	3190	3848	3252	3135
GT8	3384	3264	3888	3369	3862	4073	3894	2940	3348	2787	4001	4114
GH179	950	895	788	693	770	809	1190	1249	1094	1324	1275	1292
GH9	3821	3480	3116	2674	2419	2321	3341	3986	5436	5347	2949	4458
GH81	84	47	71	158	235	285	37	89	66	90	55	77
PL22	345	387	159	154	381	332	200	271	199	228	182	272
AA3	2976	3208	2549	3579	3457	3787	2925	3302	3295	3528	3187	3390
GH26	4209	3871	4029	3252	2133	2136	3477	3906	4628	4258	3316	3942
PL8	1273	1350	967	1256	1267	1181	1121	1577	1521	957	1081	994
GT69	187	162	178	230	162	189	133	259	206	326	164	180
CBM5	1061	928	623	1032	730	829	1075	1996	1595	1668	1214	1310
CBM61	1587	1613	1325	2011	744	692	1251	1822	1754	2234	1243	1901
GH6	11818	11260	10942	9930	8345	8254	10146	11152	10641	13138	10764	11829
GT81	222	281	175	500	1033	992	120	176	190	213	191	300
GH141	989	551	697	369	487	536	1028	814	874	959	1014	1034
GH101	3886	3108	4158	3315	1970	1761	3075	4020	3750	3112	3042	2929
GT26	5036	4939	6941	5034	5635	6015	6221	4513	4676	4871	6175	5154
GT4	102482	96745	99503	96337	95562	96906	97187	103065	98199	96446	97159	96589
PL7	53	93	38	32	44	46	149	42	66	93	135	88
GH10	10316	8963	9049	8704	7145	7022	8952	10173	10676	12011	9226	7892
GH66	271	204	414	210	249	202	180	211	210	124	122	177
GT83	266	208	124	222	170	213	217	274	381	282	145	168
GH63	1040	944	771	892	824	946	998	1366	1208	1242	1036	1100
GT20	611	494	380	432	553	534	410	1197	878	800	381	376
CBM1	197	164	166	128	140	133	147	175	146	163	201	213
PL12	393	367	246	349	236	227	445	598	455	267	485	284
GH174	0	0	0	0	0	0	0	0	0	13	0	0
CE19	474	411	634	214	178	147	654	260	277	381	528	916
CE5	363	122	234	99	78	109	230	326	296	163	169	348
CBM30	10	11	0	0	0	3	30	9	10	18	28	143
CBM43	487	659	475	353	611	595	505	564	540	653	555	487
CBM82	240	224	182	209	58	56	168	215	104	132	167	317
GH84	2320	2329	2472	2121	910	826	1969	3061	2525	2234	2013	2618
PL16	1	0	0	12	72	102	0	0	0	0	0	0
CBM41	2754	2856	2357	3013	1105	1084	1819	2424	1917	2055	2178	3961
GT66	6871	7185	6651	7528	7630	7535	6915	6954	6470	7192	7166	7467
GH50	310	412	231	421	167	153	280	342	241	329	355	152
GH140	1355	1651	1033	1370	1765	1883	1292	1379	1200	1490	1488	1748
AA10	133	82	87	42	110	47	96	84	43	122	149	73
PL33	879	970	664	708	983	976	919	1071	966	1219	1056	1076
CBM57	1229	722	868	421	382	351	774	504	388	548	653	503
GH32	5566	6647	4960	6766	6831	6504	4383	5174	4271	4402	4821	6199
GH115	2316	2036	2152	2000	1155	1039	2187	2120	1875	2622	2001	1628
GH67	2330	1840	1848	2036	1100	951	1543	2000	1714	1950	1432	1074
CBM80	61	35	34	16	61	55	49	50	93	125	62	76
CE17	252	402	430	89	179	176	335	300	707	592	331	410
CBM35	2824	2394	2406	2152	2149	2133	3489	3566	4296	4051	3204	3824
GH17	310	333	289	214	490	439	256	415	324	313	257	389
GT63	0	0	0	4	0	0	26	0	0	0	19	4
GH91	679	899	815	1317	1557	1489	984	684	783	780	1029	1154
Others	18268590	18314370	18371308	18389514	18604848	18612476	18358025	18244510	18309936	18237651	18335145	18309820
