#OTUID	OW-a	OW-b	OW-c	OW-d	OW-e	OW-f	OC-a	OC-b	OC-c	OC-d	OC-e	OC-f
CBM90	0	0	0	0	0	0	2	0	0	2	0	0
PL39	0	0	0	0	0	0	0	0	7	0	14	0
CBM52	2	0	0	0	0	0	0	13	0	1	0	0
GH119	0	2	0	12	2	0	3	3	13	3	16	9
GT112	0	6	0	50	16	0	6	2	0	5	0	0
GT108	84	40	20	5	81	26	25	84	56	67	43	81
GT91	0	0	2	0	0	0	0	0	2	2	0	0
GH169	0	5	0	0	0	0	0	0	0	0	0	0
GT59	0	0	0	2	0	0	0	0	0	2	0	2
GH68	0	14	0	0	13	0	0	0	0	0	10	0
GH147	0	34	53	38	2	0	0	16	39	33	35	26
GH131	1	0	0	1	0	0	0	0	1	1	1	2
AA7	0	0	6	104	1	0	0	0	1	2	3	18
CBM59	11	13	3	8	62	0	15	24	33	15	38	13
GT95	0	0	0	1	0	0	0	0	0	0	0	7
GH22	0	15	0	0	0	0	0	0	0	0	0	0
GT45	0	0	0	11	0	0	0	0	0	0	0	1
GT76	1	7	12	253	4	0	8	9	22	2	18	119
GT24	6	0	20	7	2	0	0	0	1	12	10	26
GT21	0	1	33	242	12	0	22	20	15	9	49	33
GT74	0	0	13	4	1	0	11	0	18	1	16	27
CBM78	0	28	85	123	147	0	164	132	308	156	197	92
GH159	992	46	99	118	30	82	130	58	67	21	30	83
PL31	0	5	19	210	39	0	91	55	92	56	146	101
GT80	0	16	7	5	15	0	27	47	41	3	48	23
PL30	0	0	0	0	0	0	2	0	2	0	0	0
CBM17	0	29	7	0	2	0	3	6	22	11	6	18
GH46	119	9	21	0	0	1	45	52	98	67	28	9
CBM10	2	47	36	324	28	83	17	32	51	72	78	141
GH70	15	49	5	38	52	5	32	9	2	13	3	33
CBM73	0	9	5	7	1	0	17	7	5	0	12	0
CE13	0	0	2	2	0	0	0	0	0	0	8	2
GH129	227	142	137	153	168	35	272	287	209	348	301	473
GH149	0	2	6	27	3	0	33	13	16	5	3	9
GT49	5	8	9	29	19	19	16	31	33	4	20	37
CBM83	28	72	45	35	11	10	24	33	14	36	3	9
CBM11	9	0	0	0	0	0	29	32	0	10	7	0
GT57	15	3	35	42	7	69	23	22	38	69	93	49
GH126	395	26	38	84	54	64	87	58	51	53	72	72
AA5	139	243	225	174	185	65	226	206	204	163	160	206
PL42	120	13	264	92	45	10	194	226	176	231	382	58
GH138	0	23	221	46	61	0	163	102	108	81	112	55
CBM75	0	0	4	9	20	0	19	33	12	2	9	0
GH139	0	61	192	53	78	0	164	94	104	124	115	69
CBM56	3	33	35	66	51	49	67	108	74	45	38	69
GT107	0	14	34	0	0	0	23	31	22	29	27	7
GH144	2237	101	208	149	82	165	200	168	150	402	122	58
GH135	0	57	41	1000	16	43	22	51	59	51	108	577
GH93	17	38	43	906	71	0	98	108	121	35	74	360
GT50	24	309	79	76	162	628	41	72	89	74	67	199
GT85	0	0	0	45	0	0	2	0	0	2	1	4
CBM89	0	11	87	71	20	0	203	157	105	139	130	17
CBM60	0	1	3	0	4	0	33	4	4	8	7	3
CBM97	0	64	282	63	64	0	183	201	145	115	170	84
GH96	0	57	52	61	120	45	95	89	86	112	193	99
GH52	0	5	5	11	16	0	5	11	27	10	15	6
GH86	40	195	113	174	196	78	183	199	130	184	197	104
GT92	0	139	155	102	149	7	149	189	207	177	143	112
GT10	1321	218	272	253	395	596	401	699	391	381	440	316
CBM63	0	11	24	54	38	0	125	87	84	161	135	63
GH176	99	62	94	1074	202	73	78	101	125	99	127	665
CBM18	5	65	45	30	91	41	35	33	50	35	59	39
GH98	193	16	198	120	51	0	290	300	239	280	385	65
GT55	0	0	0	0	0	0	0	18	19	0	0	0
GT23	493	39	29	77	50	67	85	90	63	70	141	33
CBM93	1053	655	973	358	527	54	654	571	483	757	775	341
GT31	77	220	307	503	322	88	352	317	461	432	411	359
GT56	5	18	5	0	11	0	0	48	37	4	3	10
GT97	0	21	21	2	0	19	0	5	19	0	8	9
GH114	0	231	112	2607	119	48	193	322	246	46	283	1485
GH166	2	75	32	41	117	153	30	5	11	3	9	11
GH107	0	32	18	2	16	0	12	30	18	12	13	0
GH59	64	31	26	84	61	20	169	106	64	82	82	58
GH111	0	4	4	6	0	0	10	4	2	4	11	6
PL40	9	7	25	69	63	3	131	41	133	114	91	30
GH44	0	40	138	326	285	0	580	578	378	448	505	149
CBM68	182	16	18	99	35	10	61	41	57	44	35	112
AA9	45	219	197	230	202	67	181	130	238	148	156	251
GT15	40	28	52	76	52	1	116	82	48	59	47	123
PL26	59	19	127	348	94	28	340	237	263	174	188	119
GH102	0	38	63	23	11	15	28	46	72	47	81	13
GT64	19	165	63	112	81	408	23	43	98	69	32	180
CE16	0	11	0	16	5	0	2	9	3	5	4	6
PL4	1	19	62	1832	25	15	79	108	91	52	142	828
CBM3	64	436	899	969	1213	60	1508	1851	1394	1521	1828	812
GT105	192	793	742	1096	916	421	918	913	866	732	983	997
GT99	2	5	35	61	43	9	19	56	25	115	34	28
PL14	0	3	20	66	0	0	75	107	69	199	63	5
GT113	183	699	478	128	349	548	293	191	207	246	132	269
GH172	3018	778	751	432	928	1122	814	822	930	728	617	876
GH137	74	172	425	184	201	16	348	383	351	240	351	246
CBM47	54	214	209	715	207	56	266	261	192	240	353	408
GT62	2	22	17	136	70	34	25	24	34	12	26	82
GH177	4	285	757	275	273	50	740	695	637	590	772	365
CBM27	34	142	91	90	133	50	115	96	203	101	134	105
GH108	14	598	151	232	77	230	307	239	162	351	684	123
GH120	1444	1100	975	872	1843	2156	1256	1640	1542	1918	1894	1651
GH151	294	1251	1374	991	1558	584	1137	1426	1623	1235	1194	1311
CBM4	361	1435	2973	1702	2352	491	2609	2748	2093	2935	3086	1601
GH175	304	766	776	685	1087	234	997	1180	1187	1059	875	1080
GT17	82	688	498	238	603	306	520	559	520	658	480	572
PL10	369	169	845	402	355	16	1240	787	813	806	852	336
PL41	0	0	0	0	0	0	0	0	0	0	0	0
GH128	159	350	781	289	311	70	477	535	377	796	456	206
CBM16	161	492	432	779	843	247	640	668	569	646	740	823
CBM23	300	238	298	309	393	83	284	341	459	206	349	336
GT7	55	95	62	208	85	134	93	138	99	106	125	113
GH37	228	434	413	427	586	14	498	714	666	514	448	667
CBM37	671	1421	1826	1894	3048	1037	3162	3550	3285	2606	3740	2731
GH123	2960	2092	3108	2786	3225	912	3575	4135	4031	3471	3399	3124
GH130	8855	4579	6757	4431	6076	3834	6568	6740	6800	6630	7346	6374
GT93	0	0	0	11	0	0	0	0	0	0	0	2
GH74	113	421	977	783	979	34	1271	1510	1087	1163	1419	703
GH12	657	2998	2909	4715	4017	2423	3789	4137	3905	3176	3438	4996
GH77	9637	11415	11682	11421	14492	12833	13887	14378	13316	12623	12394	13809
GH18	8261	6603	6896	4934	6586	5683	6945	7913	7463	7773	7026	7235
GH121	83	13	15	19	19	15	52	93	102	165	73	162
GT90	1575	2275	1984	3512	3026	3765	2642	2668	2755	2458	2285	3583
GT60	0	26	0	0	0	0	0	0	0	0	0	0
AA15	0	21	20	50	7	107	21	39	18	42	17	15
GT5	8882	11391	11287	7851	13178	8237	12396	12779	12746	11841	11260	11899
GT22	1316	1589	1288	3844	1495	1416	1282	1611	1561	1153	1416	3297
GH164	0	64	130	41	2	0	60	20	82	87	21	2
GH153	2	21	18	5	0	0	35	44	109	60	13	23
CBM20	7068	5188	6947	3925	4403	1610	6723	6222	5648	6689	6242	3482
CBM58	196	31	91	69	98	2	187	126	197	156	187	53
GH15	272	623	504	6357	438	1253	475	415	538	436	795	3480
GH109	5689	3626	4337	2963	4096	464	4631	4984	4998	4812	4187	3400
CBM2	955	3213	3326	8851	3625	1719	3758	3311	3586	3565	3544	4976
GH146	959	1835	2244	1893	1575	429	3294	2858	2588	3330	3299	2044
CBM13	17807	16267	17047	17268	16054	9438	17405	16564	16472	16556	17246	18298
GH160	0	24	32	22	0	0	22	9	20	50	23	0
GH170	2335	1497	1437	2123	1898	1331	1777	1923	1616	1519	1486	1891
GH29	15968	8028	12282	7092	7883	2702	11194	11713	11905	11776	11119	7835
GT94	0	0	0	170	1	0	0	0	2	0	1	19
CBM40	955	259	817	604	286	468	712	786	897	951	695	227
CBM70	2	177	94	200	172	0	183	242	230	284	184	261
GT111	861	1826	1385	1073	1735	2998	1550	1465	1050	1095	1090	1160
AA8	0	4	8	0	17	0	0	10	0	12	0	0
CE20	5100	3689	7098	2919	3835	1480	5927	5670	5333	5307	6116	2748
GH156	41	84	70	42	33	0	101	86	71	117	107	59
CBM72	378	1256	1426	474	409	21	1432	1345	867	1239	1129	457
AA6	0	26	0	8	0	0	16	49	22	8	3	18
GT96	18	365	292	246	345	361	462	517	467	405	491	532
GH5	17276	24821	30943	27075	28652	14505	31545	32772	28597	30436	30762	26704
AA4	110	355	262	1215	244	630	212	289	252	333	262	651
CBM25	69	563	475	302	521	75	509	690	578	596	511	456
PL17	338	123	279	193	379	320	287	311	259	344	178	274
GH1	3561	7533	4718	14535	9845	19321	6845	6564	6325	5393	5901	12019
PL11	1362	673	2107	1436	1097	466	3356	3589	2256	2798	2898	1430
CBM32	18714	5966	6936	7240	6640	4535	9912	12712	9981	8998	8347	8065
GH82	0	0	0	0	0	0	0	0	0	0	0	0
GH34	8417	17788	18555	19298	18909	7813	18035	18841	18596	17154	18931	20555
GT104	109	97	165	262	104	17	190	144	195	122	174	164
PL37	125	79	75	23	93	5	74	65	69	46	50	55
GT106	5389	7658	7725	7746	9344	3951	8901	9801	9446	8448	8200	9068
CBM79	14	16	61	122	191	0	271	226	307	195	320	193
GT12	0	49	38	28	126	83	114	9	17	6	21	54
GH72	4825	6825	5969	5629	6904	4267	6387	6476	6260	5840	6536	6726
CBM62	4547	994	3022	1191	1574	465	2086	1969	2562	3540	2757	1472
PL3	0	10	7	9	11	27	0	4	9	9	4	7
GH36	8150	8362	8903	8685	12330	9870	11803	12610	11635	10197	10184	10685
GH94	1722	7346	8884	5023	9238	3832	8531	9389	8361	8621	9509	7737
GT47	5415	4314	5058	5154	3402	6736	4718	4253	3986	4640	4811	4642
CBM71	77	8	22	88	61	0	103	193	52	77	89	145
CBM22	1612	2598	3269	4450	4187	3105	4488	4780	4721	4419	5233	4516
PL2	0	37	1	3	8	0	2	13	3	13	16	3
CBM9	1427	2228	2312	2145	2934	306	3137	3378	3141	3648	2925	3059
PL36	0	0	0	0	0	0	0	0	0	0	0	0
GH79	1679	1211	1412	4597	2391	454	2797	3124	2080	1604	1868	2923
CBM28	0	29	7	0	2	0	3	6	22	11	6	18
CE9	8950	12602	11839	16113	14336	8992	13200	13689	15065	12847	12483	17409
GH8	296	855	1534	904	1177	34	1477	1734	1192	2151	2184	876
CBM6	3583	6087	8436	5133	6967	2058	8707	8722	7358	10647	10181	5612
GH178	0	0	3	40	0	0	0	0	1	0	3	1
CBM86	32	32	134	127	163	52	85	111	158	239	225	177
GH3	33527	44983	47535	58189	55280	38095	56919	63205	55329	53517	56896	66321
GH78	6195	12029	14032	10542	14226	6676	15681	17074	16721	14560	14753	14997
GH117	2306	893	1189	785	1263	89	950	936	1122	923	981	755
CE2	479	1166	2583	1411	2024	266	2107	2293	2066	2293	2426	1247
GT1	13732	29612	30680	29066	31556	16999	30657	31568	32348	29956	30561	31434
GH154	2234	1507	2084	1339	1363	1052	1614	2007	1485	1726	1570	1715
CBM64	5	31	2	12	41	23	72	20	7	30	49	17
GT28	9598	18606	16569	19117	17750	11244	17764	17884	18514	16137	17620	20221
GH31	10962	14418	16767	12663	15201	7715	17901	18538	16505	17520	18572	15492
GH158	62	68	40	37	40	22	101	84	63	97	58	61
PL21	10	198	275	116	144	0	142	181	148	231	182	197
CBM51	499	1122	1231	1025	974	1701	1587	2032	1716	1556	1585	1193
GT116	6730	9866	9387	7278	8950	5223	9115	9031	9472	9493	9296	8819
GT14	909	884	641	426	582	499	919	787	916	1067	957	751
CE14	8454	7134	8427	9352	7835	3100	8063	7877	8497	7919	7770	8489
CBM48	20237	27058	28308	37723	32740	25880	32334	33238	30310	29833	30779	36366
GH54	0	14	11	11	9	0	80	55	51	122	106	87
CBM74	15	162	127	90	326	90	130	286	199	153	77	58
CE3	205	267	592	489	822	2	736	730	803	671	784	552
CBM42	1	125	151	1021	61	20	125	136	128	83	123	526
GH167	3	153	93	24	241	62	140	146	99	91	96	125
GH165	59	516	621	322	788	3	656	663	799	672	630	706
GH71	44	108	106	83	138	1	103	164	162	112	85	100
CBM14	2368	3636	3633	3716	4929	4060	4646	5078	4985	4299	4243	4506
GH125	4123	1870	2854	1486	1524	1405	2142	2150	2012	2728	2019	1266
CBM46	31	0	0	0	0	0	0	6	0	0	1	9
GH103	175	1115	956	558	1054	543	986	1164	1171	1102	1122	933
CE12	5463	4542	6584	6084	4880	4041	7479	8220	6600	7406	7380	5363
GH92	12589	5748	12003	6277	4765	1075	10077	9840	9475	10973	9393	5737
GH58	0	0	4	0	0	0	4	0	6	2	0	6
GH142	1024	327	640	200	328	68	423	573	461	318	421	228
GH99	0	0	7	2	0	0	0	28	0	0	4	0
CBM76	0	15	64	143	143	0	268	206	172	82	218	106
CE4	12003	13273	14714	12300	16430	12266	15413	15592	14999	14433	14641	15432
GH13	77824	97429	102680	128971	107640	81464	110642	111414	107242	101187	103191	121107
GT9	10088	14120	13805	16015	12964	6801	13482	12868	13493	13601	13258	14159
GH88	4550	3234	3575	1850	2519	828	3386	3587	3125	3798	2945	2760
CBM34	2232	3626	2804	3220	4030	4322	4018	4027	3824	3817	3477	4372
GT25	703	356	91	75	81	44	23	225	172	43	209	48
GH104	71	187	337	237	52	52	354	314	395	691	387	120
GT13	350	700	753	566	749	678	934	1130	1067	1032	999	761
GT2	193254	151916	157409	182021	160065	154381	164187	159753	159242	156336	159171	179691
GH39	1582	4765	5249	3359	5791	1491	5253	5238	5889	5388	4553	5321
CE8	12139	19098	20127	19168	21649	12361	23116	24339	23559	20854	22781	22700
GT77	5938	10551	9902	8503	9993	5855	10208	10444	10642	9799	9823	9658
GH35	22125	19661	22874	20600	22153	13617	24871	25562	24823	23665	24802	23945
CBM44	2	54	127	80	118	0	84	98	77	46	103	59
GT6	2350	28	72	29	2	178	189	131	104	105	375	19
CBM24	0	0	11	2	0	0	1	0	2	4	5	2
GH113	56	219	519	730	718	137	693	804	591	379	579	440
GH2	51676	45435	56765	49156	60287	31378	64108	69132	59822	59711	57720	56468
GH97	9103	6058	12168	6028	5512	1882	10682	11121	8735	11170	11638	6189
PL6	49	52	197	118	93	0	68	178	154	165	95	80
GT71	5	0	14	16	2	0	1	0	2	5	2	22
GH43	35377	33530	46996	31860	40091	14519	51529	50336	44794	51074	52979	38454
GH143	0	73	216	140	83	1	225	173	198	122	176	104
GH133	4593	4628	5953	2894	4364	1316	5254	4734	4580	5170	5136	3437
GH4	2024	4608	4216	5099	7133	5000	5538	6584	6079	5094	5132	6600
PL1	7220	4108	6353	3424	3708	1773	7939	7093	5854	7174	6670	3713
GT48	0	14	30	22	5	12	5	4	3	2	10	25
GT33	397	315	488	373	625	703	779	335	438	417	697	564
GH89	3009	1731	2705	2032	1841	847	2688	2790	2437	3047	2999	1547
GH173	231	373	529	407	399	33	1011	740	702	1059	1027	191
CBM21	0	0	5	9	0	33	1	1	0	6	5	5
GT103	0	21	18	18	26	0	35	7	11	10	5	51
GH116	192	991	846	469	810	16	1053	1093	1061	930	864	981
CBM50	53587	59085	55558	62432	59938	42756	59622	59573	59952	58583	60275	61527
GH95	8257	5144	7798	6542	5954	2518	8957	9114	8092	8617	8669	6312
GT102	0	21	18	19	26	0	36	7	11	10	5	51
GH100	184	373	982	876	493	121	452	350	422	507	628	945
GH20	21237	9082	13618	9047	9322	3502	14383	14448	15760	14939	13885	8050
CBM91	6021	7946	10306	8499	10109	3237	11831	12013	11414	11600	12242	10045
PL9	503	465	647	625	1009	359	1499	1468	1318	805	1095	988
GT89	0	0	0	41	0	0	0	0	0	0	1	3
GH48	0	38	49	119	149	0	143	189	146	180	259	115
AA2	85	144	107	185	209	124	208	224	293	184	222	349
GT35	12314	18370	20771	17166	22575	12982	22904	23503	22782	20343	21632	22195
GH57	3455	3115	4534	1837	2489	454	3786	3445	3203	4191	4316	2036
CBM77	159	58	206	245	264	27	1003	969	719	1048	629	410
GH11	2	99	385	752	486	13	633	896	810	1023	987	526
GH106	2389	5017	5587	4378	5935	719	7285	7970	7096	6109	6426	6290
GH28	28444	43058	47906	38095	45967	20520	48305	49864	50526	46801	49707	46960
GH76	3577	1308	1950	4509	1108	1915	2057	1779	1802	2211	1804	3118
GT19	11736	7854	9058	5896	6488	2738	9155	8531	8675	8922	9100	6356
GH25	6387	8784	7670	14869	9652	12572	8832	8286	7573	7779	8119	11285
GT27	5426	4673	4973	3028	4131	3928	4178	3985	3795	4211	3969	3171
GH105	5227	3559	6688	3639	4598	2430	6837	7544	6020	6771	6831	4361
GT51	20729	28181	30499	28315	27748	15995	29112	28925	30176	28242	30496	29564
CE1	294	188	356	614	220	39	452	566	304	615	517	204
GT84	217	3118	3306	1454	3082	301	2398	2567	2748	2625	3313	2857
CBM8	0	0	2	0	0	0	0	0	0	0	0	0
GH55	407	847	792	2097	940	830	1033	1091	1192	1206	1069	1413
GH62	0	58	30	42	75	0	19	97	88	33	20	43
GH33	8951	6516	8277	5826	6351	3456	8837	9278	9459	8840	8157	7371
GH148	6	153	356	230	198	0	361	306	422	247	158	196
CBM85	0	37	62	59	24	0	74	68	103	63	89	24
GH110	3136	712	1367	912	725	480	1722	1706	1618	1370	1316	746
GH47	2298	8247	7910	8601	10339	4363	8919	10010	10339	8137	9244	11119
GT100	93	230	266	178	381	31	309	232	163	255	264	295
GH65	3730	1680	2091	4379	2749	2195	1906	2198	2159	2225	2308	3267
GH49	1278	1563	1515	1266	2360	1037	1703	1880	1835	1815	1636	2202
GH45	3	64	27	57	31	10	107	109	46	59	33	48
GH87	20	101	95	59	66	24	105	132	120	131	85	66
CBM84	2	231	293	145	201	0	365	225	297	329	213	261
GH16	8473	4500	6936	7683	5133	2111	6507	7373	6449	7216	7303	6127
GH30	2325	2238	3317	1865	2663	1245	3457	3845	3261	3649	3204	2423
GH38	5655	13300	12715	14636	17129	4396	13896	17405	16359	14006	13855	18291
GH112	1723	1157	1390	1627	2094	3061	1903	2201	1530	1567	1375	2121
CE7	536	745	1481	3178	864	178	1300	1133	1254	1090	1246	1869
GH64	19	46	36	28	21	51	38	72	39	37	27	66
GT41	2586	1092	998	783	860	199	868	812	861	815	903	470
GH73	9347	9526	9225	7913	9022	11405	9344	8599	9527	9684	8764	7058
PL13	123	0	0	0	0	0	0	0	0	0	0	0
CE15	816	2509	3410	2030	3250	359	3468	3486	3261	3611	3815	2563
GH171	7458	5271	6118	3408	4291	3245	4561	4984	4549	4429	4861	3746
GT11	2473	1224	343	220	481	182	629	374	607	343	508	266
GH51	5489	6250	8016	7605	8021	3239	9869	10606	8876	10072	11564	8698
CBM67	812	2400	2472	2242	3361	594	2943	3403	2889	2787	2585	3089
CE11	5963	2964	4510	2421	2622	3039	4313	4051	3758	4605	4831	1963
GH161	261	137	194	163	390	64	211	283	271	281	268	182
PL27	4	52	45	27	75	0	24	69	61	33	64	54
GT61	55	286	92	119	187	24	128	185	76	103	86	127
GT43	33	429	377	323	293	445	357	407	431	440	376	436
CBM26	563	2044	2177	1500	3253	670	1614	1785	1879	1062	1434	1431
GT39	402	1430	1459	4534	2261	461	1590	1920	1751	1615	2051	3919
GH75	0	6	0	0	15	0	12	3	4	0	20	16
GT29	29	76	114	91	68	18	240	231	170	147	225	106
GT32	9443	10099	10943	8381	10041	6222	11053	10603	10751	10102	10205	9866
PL35	47	1094	1216	1767	696	16	1003	984	968	1423	898	1390
GH124	0	2	13	13	42	0	10	33	45	60	74	15
GH23	27162	18620	21628	28091	16594	18874	18895	18191	19526	20063	20254	17262
CBM38	102	180	419	504	229	26	554	520	523	543	497	351
GT82	0	43	0	44	28	45	7	15	7	21	24	17
GT68	490	309	353	265	370	132	360	303	348	217	329	384
CBM36	2	56	96	392	181	13	163	320	243	415	234	241
GT3	3063	2563	4254	1950	1711	179	3046	2936	2965	3443	3500	1234
GH127	4401	2823	3685	2302	3256	1351	4285	4366	4091	3763	3662	3233
GT30	4278	1608	2929	3473	2121	522	3062	2764	3266	3234	3119	2607
CBM88	137	127	676	152	174	10	519	418	287	491	353	232
GH85	950	143	322	917	270	0	769	1240	673	397	698	396
GH163	56	483	697	452	620	26	744	947	809	746	604	500
AA17	34	149	133	169	199	112	231	206	215	162	206	279
GT87	909	646	575	5912	840	598	476	542	703	426	930	2909
CBM66	1630	1132	984	1206	1770	382	1166	1596	1436	1075	1153	1330
GT53	0	0	0	163	1	0	0	0	2	1	5	15
GT58	5020	7228	7581	7706	8306	6724	8290	8164	8038	7078	7416	8317
GH136	240	502	437	473	669	92	613	749	689	620	486	631
CBM54	287	1904	1396	1156	1679	646	1735	1709	1954	1691	1567	1931
CBM65	92	28	79	162	249	9	266	327	169	106	95	108
GH24	3607	4095	4936	2447	1977	1879	2521	2950	2988	4564	3764	2001
GH19	2931	328	795	689	433	351	855	1318	1062	1000	829	631
CBM96	113	474	378	435	447	268	504	691	487	596	495	649
GT101	992	51	232	1521	47	70	148	119	141	72	217	706
CBM92	62	405	216	231	287	1292	237	190	254	276	264	202
CBM12	1111	504	348	1373	577	520	462	412	588	829	579	546
CE6	1880	2806	3275	1768	2647	1409	3700	2837	2686	4104	4567	2646
GT34	2777	149	398	225	345	141	349	241	336	367	255	230
PL15	149	115	95	57	57	23	101	98	146	140	73	108
AA1	1877	1114	1449	658	717	237	1261	1259	1018	1338	1306	517
GH152	3365	2404	2434	5190	2483	1434	2574	2516	2750	2533	2353	3294
GH53	1962	4248	5784	2919	3284	460	5150	5230	4250	5196	5184	2564
PL38	129	65	88	20	140	0	71	48	65	57	42	30
PL29	569	68	98	95	12	40	95	32	92	129	109	14
GH27	5190	4613	4815	4023	5528	4119	5328	6268	5778	5790	5667	5830
GH42	2285	2231	2825	4452	5039	3536	3303	4119	3583	3026	3407	4398
GT8	7672	2461	2916	2988	3087	3650	3390	3321	2734	2842	3059	2835
GH179	292	1024	784	981	1257	300	958	1337	1092	938	882	1187
GH9	1698	2490	5447	4349	4786	1441	6301	6286	5776	5945	6652	4234
GH81	192	264	107	109	232	695	88	165	192	164	90	185
PL22	64	157	239	134	241	128	270	218	336	442	330	192
AA3	1738	2694	2415	4099	3513	3308	2826	3229	3335	2503	2570	3923
GH26	6057	3418	4759	2304	4213	731	5667	5396	4558	4257	5003	3289
PL8	3184	1039	1484	1317	1112	685	1626	1161	1560	1743	1343	1205
GT69	44	194	130	506	203	255	185	182	289	168	241	334
CBM5	490	719	831	6237	958	533	1160	1159	990	1037	1237	3222
CBM61	777	905	1212	2418	1655	312	1578	1586	1594	1269	1878	2022
GH6	5019	11338	10266	9415	11518	5575	11909	12217	13090	10415	12018	12914
GT81	27	536	298	122	239	666	131	144	173	205	139	400
GH141	57	761	761	435	754	2	1071	1208	1071	928	793	676
GH101	6240	2591	3439	4782	2416	1365	3684	4009	3394	3785	3915	3020
GT26	5949	4918	5010	4712	4775	4608	5223	5306	5659	4977	4792	4531
GT4	130462	92369	99878	111118	97341	73394	99730	98570	97164	98184	99676	99863
PL7	0	35	57	37	58	0	51	47	88	73	49	84
GH10	5766	8032	10915	9184	9878	11190	10840	10901	10373	12461	13299	9913
GH66	202	56	115	76	136	15	244	89	153	163	198	74
GT83	137	95	134	458	179	37	415	312	485	385	269	145
GH63	1433	1040	1120	710	1234	1801	872	1113	1208	1182	989	999
GT20	1295	920	510	3552	400	334	853	600	849	799	829	1522
CBM1	9	191	170	217	181	3	180	133	198	181	185	139
PL12	1399	323	701	958	256	98	626	553	515	794	414	337
GH174	0	0	0	0	0	0	0	0	0	0	0	0
CE19	59	172	754	255	279	11	429	342	564	384	461	268
CE5	1728	51	459	252	60	137	204	242	197	325	285	111
CBM30	0	13	15	35	55	0	82	159	26	15	68	13
CBM43	96	543	370	470	692	226	660	650	583	495	537	631
CBM82	121	135	127	238	189	169	161	187	101	106	76	159
GH84	3168	1156	2167	2210	1762	840	2323	3378	2928	2889	2321	2326
PL16	26	13	0	2	0	0	0	0	0	0	0	0
CBM41	601	1006	1237	2902	2283	649	2199	2455	1418	1455	1405	2035
GT66	4125	6520	6726	4144	7601	8793	6687	6882	6724	6126	6809	6958
GH50	167	291	385	149	257	32	253	309	310	287	249	275
GH140	1236	1360	1167	967	1478	2067	1282	1536	1373	1128	1265	1339
AA10	546	42	64	72	55	30	65	65	48	109	87	69
PL33	1644	826	925	625	1187	246	989	1077	999	1057	898	1094
CBM57	167	656	840	479	327	64	859	762	607	813	949	486
GH32	7282	6064	5540	5281	6403	13542	5701	5225	4550	4036	4073	5575
GH115	1973	1551	2659	1321	1901	210	3092	2560	2222	2920	3667	1597
GH67	716	1620	2588	1106	1327	210	1878	2401	1791	2756	2522	1143
CBM80	0	33	50	102	101	132	113	83	79	81	85	98
CE17	147	205	337	461	546	2	544	546	467	707	483	351
CBM35	1893	2613	3566	2374	2974	548	5113	4752	4269	3822	4701	2714
GH17	180	875	299	338	289	87	250	359	396	305	346	399
GT63	0	0	0	0	0	0	14	0	8	0	8	0
GH91	452	794	647	582	1044	752	577	639	652	747	752	679
Others	18495560	18487616	18316306	18308719	18338457	18856038	18219498	18181056	18254924	18276292	18244896	18264032
