#OTUID	OW-a	OW-b	OW-c	OW-d	OW-e	OW-f	OC-a	OC-b	OC-c	OC-d	OC-e	OC-f
ko04610	0	0	0	5	0	0	0	0	18	0	0	0
ko01056	0	0	0	0	0	0	0	0	0	0	0	0
ko03240	0	0	0	0	0	0	0	0	0	4	4	0
ko00624	0	70	25	3153	35	0	12	21	65	16	191	1384
ko03266	0	0	2	4	0	3	0	0	4	0	4	4
ko04215	0	0	1	13	0	0	10	6	18	8	7	5
ko00571	8	32	63	5975	49	49	42	97	104	20	320	2379
ko04744	0	0	17	2	3	0	4	0	0	3	9	10
ko00073	0	0	3	27	0	9	0	0	0	2	3	5
ko04670	0	0	13	30	0	23	2	0	6	4	7	9
ko04624	0	0	3	3	0	0	0	0	2	0	0	2
ko04658	3	0	29	12	3	0	114	1	1	9	20	22
ko00232	0	5	26	1197	9	0	3	9	36	9	108	950
ko05416	0	0	6	28	0	38	13	6	19	9	10	12
ko05130	7989	11553	12197	12166	12229	6681	12274	11942	12383	11719	12340	13150
ko00524	10066	8597	9653	7727	9983	7425	9959	10478	9928	9603	9264	8153
ko05133	8836	6421	8710	3574	2833	573	7298	7127	6719	8625	7197	2306
ko05012	16607	11195	11577	12037	11594	9062	10988	10689	10871	10581	10881	11709
ko00405	3159	2014	809	3193	1237	5446	649	638	618	558	563	1849
ko04630	4	2	22	23	3	0	0	1	3	4	16	16
ko02025	8330	5656	5567	11746	4762	9076	5319	5333	5247	5231	5405	6950
ko00030	109781	126211	125904	128673	139532	117350	136812	138342	137661	124839	130334	146994
ko01524	1866	5367	5301	6160	5895	3595	6622	7446	7477	5398	6517	7448
ko00600	56097	37452	50425	35252	48495	29062	55222	59024	53648	54966	51698	41302
ko04341	0	1	11	1	3	29	0	2	3	7	1	10
ko04923	20	0	19	15	10	10	0	0	1	2	9	7
ko04914	7613	8773	9995	6423	9270	6246	10583	10315	10171	10245	9795	8913
ko04011	2431	1256	2230	8730	864	232	1549	1428	1622	1687	2220	5040
ko05014	6955	5221	5795	14290	5051	6680	4932	4617	4736	5280	5836	9626
ko05412	0	0	3	13	0	24	3	0	0	4	1	13
ko04142	36816	20073	29595	19749	21526	9850	30638	31102	32034	32849	28483	19479
ko00310	17248	15947	15199	48479	15483	18501	16699	16932	19996	17991	19585	32424
ko04930	6787	6869	6012	5654	8171	5771	6673	6394	6693	6393	6585	7424
ko04626	28199	32120	35357	26527	33939	21674	38952	38715	36597	37348	37147	32277
ko00740	23031	20235	17762	22422	16864	21022	19958	19374	20314	18343	18726	19331
ko04922	22314	34220	32884	33820	39347	24063	36386	38370	37182	33676	34487	41121
ko04066	28048	37657	38314	33088	39350	24408	37530	37561	38509	36405	37522	38139
ko01054	1093	981	1138	797	1208	852	1164	1477	1145	1097	1155	1429
ko04141	12020	12128	13734	11771	12518	12647	13337	13173	12658	13244	13009	12964
ko00604	15950	6143	10241	6147	5881	2046	10289	9722	11165	11381	10113	5133
ko04724	11726	14873	15975	18993	16747	15283	18257	18926	18547	17197	17563	19133
ko05215	7609	8738	9944	6397	9266	6219	10589	10357	10137	10194	9820	8883
ko00680	102194	152207	143914	128382	155381	163955	146520	149531	152640	141603	141810	160665
ko00625	8335	10678	10228	21071	12675	8340	11313	10997	11205	10210	11789	16725
ko00998	9925	7250	7413	5730	7085	8233	8107	7696	8553	8908	7676	6415
ko05208	8610	4670	5965	14946	4345	4036	5190	4621	5212	5482	5656	9042
ko00121	3827	3809	4761	3124	4182	1085	4127	4473	4318	4363	4368	3186
ko05214	4	5	112	54	11	0	64	52	90	97	57	37
ko00965	4	7	10	48	0	718	0	0	22	2	17	5
ko04213	16920	14219	16791	24206	13848	11821	16328	15623	15973	15883	17341	18502
ko05016	7721	5465	5982	7792	5128	6088	5215	4698	4906	5699	5412	5695
ko00642	59	111	118	3713	84	155	80	97	153	136	209	1293
ko00550	114623	162978	159286	125660	165032	107921	161078	157902	159443	149142	156005	153032
ko00830	1831	2963	3178	8601	2350	1395	3679	3142	3234	3456	4193	5579
ko00362	23234	20482	20693	66799	24781	22038	23539	24112	26057	21941	25135	44737
ko05230	20943	19932	18228	26271	21404	19446	19140	19736	19635	18434	18653	24490
ko05415	12801	19520	17509	22598	19018	16215	18408	17861	18340	17226	17864	21669
ko00525	17199	12739	12896	10983	13082	14176	13669	13171	12411	13214	13705	12277
ko05168	32	238	189	113	173	650	66	58	107	86	113	255
ko04151	8400	13518	13604	13115	13757	7141	14753	15249	14877	14427	13873	15620
ko02040	15071	18798	25464	37471	27470	9854	31994	31044	28272	30589	28288	25761
ko04214	4666	3366	2974	1881	3820	1465	3172	2846	2985	2911	2811	2779
ko01522	4	5	86	37	6	1	171	54	83	94	48	32
ko05152	19783	33657	35069	34085	36350	21360	37252	37356	38041	35422	36902	40418
ko04370	2	3	87	39	5	0	61	50	85	94	37	23
ko04130	0	0	35	5	1	2	2	5	9	6	16	22
ko00903	2540	2168	2622	14256	2293	3843	2650	2847	2891	2929	3534	7509
ko00430	19418	24578	25325	28626	23956	19085	24196	23489	24831	23737	24221	27774
ko04062	5	3	88	49	8	0	66	51	90	89	40	33
ko05206	12544	19156	13821	15825	13438	12688	14278	13836	13970	15479	13275	13458
ko00542	1086	3295	3133	1513	2607	1564	3015	2469	2709	2482	2554	2633
ko00520	199298	191928	201413	191496	206779	155484	210416	213708	211495	204787	209665	206932
ko00983	65148	62872	66623	62229	62603	50762	63594	61939	62850	59530	62637	63794
ko00997	210	863	613	714	773	1756	883	782	965	728	785	1137
ko04150	41	248	272	146	145	527	129	97	181	173	116	308
ko00290	41407	36163	38683	52971	41331	54796	46325	47639	45259	41653	43028	48330
ko05160	64	240	222	126	176	647	162	158	177	168	127	239
ko05202	9	0	44	22	6	70	3	4	21	12	20	29
ko00785	7722	4087	4376	6405	3383	2189	3542	3888	3877	3588	3811	4148
ko04977	0	1	29	15	8	0	1	0	5	10	2	12
ko01040	391	1352	1108	4737	1216	268	1084	1124	1197	901	1139	2700
ko03450	1461	929	801	5836	675	1182	592	297	441	369	696	3348
ko05164	61	235	199	124	169	670	163	167	184	151	114	223
ko04713	0	0	35	18	5	0	6	1	3	10	15	19
ko04068	6420	7782	8153	17646	6524	1147	7585	8044	8119	8011	8208	12809
ko00071	22174	33699	32913	76085	30812	24411	33424	31585	33486	31986	35461	50743
ko00311	2019	1460	1757	4743	2226	1637	1831	2043	2162	1674	1855	2954
ko04659	7608	8785	9920	6352	9284	6219	10589	10314	10055	10181	9767	8857
ko03260	0	0	0	0	0	0	0	0	0	0	0	0
ko00780	33076	24349	27087	30371	22466	31150	28214	26975	26755	27361	27440	25509
ko00350	15639	20086	20904	44339	22658	18780	22791	21991	23368	21708	23593	33876
ko00960	11515	12745	13732	16014	14605	14792	15310	15022	15621	14996	14966	16636
ko05120	9797	17253	16714	13439	18372	11708	17290	17743	17770	15937	17123	18210
ko04915	7610	8783	9989	6433	9254	6219	10601	10399	10146	10253	9800	8884
ko04212	29555	41403	43859	47641	43663	26720	44554	44609	45123	42871	45638	49492
ko05022	7482	5795	5970	14388	5325	7029	5348	4989	5106	5472	5918	9826
ko04612	7620	8800	9881	6391	9245	6219	10484	10350	10038	10183	9797	8852
ko00982	1407	1448	1305	7576	1514	578	1765	1408	1486	1213	2102	4728
ko00340	45369	48898	50463	59792	53326	59542	54339	56118	53928	51489	53324	56693
ko00460	33932	39988	43858	50344	48003	34373	49857	52808	46903	47821	48965	54432
ko00620	156690	205473	210948	229459	227207	160025	220063	223950	229075	209848	217693	243789
ko00920	34783	35430	31617	44269	38109	48693	35262	35619	35266	31523	33404	43082
ko00650	84882	103305	113672	130039	112100	81214	116421	117998	123710	115731	119324	129753
ko00450	40966	44742	46069	47876	48675	46231	50011	52565	51535	46170	49542	53704
ko00633	4627	8930	9004	10203	11335	14136	9846	9310	9516	8259	8593	11484
ko00361	2012	2125	2417	9527	3329	755	2773	2940	3116	2459	2864	5941
ko00999	23803	32893	34614	38252	38836	29149	40060	43763	37416	38319	40005	43202
ko02060	22594	20764	14778	24396	22253	41615	17721	18170	16904	14966	14450	23229
ko04917	5209	3764	3790	4697	5583	5107	4198	4210	4149	3631	3408	4994
ko00627	3485	2721	2455	19974	3299	5214	2996	2783	4036	3034	4265	11223
ko00440	8856	3632	4806	2852	3974	6751	4533	4732	4740	4531	4687	3259
ko04512	2	23	14	6	65	0	14	12	14	36	10	5
ko00730	69576	68277	66731	55925	64416	59889	72458	72079	72065	70099	68645	65300
ko00946	23529	31744	34974	36990	39811	27953	40755	45152	38811	39043	41293	44105
ko04024	23	9	150	2244	28	2	74	52	148	122	155	1101
ko04621	21453	19321	21717	17893	21306	13471	23019	22726	21384	22300	21675	19586
ko04623	14	4	61	16	4	0	4	3	13	29	13	24
ko05340	6658	5355	5402	5818	4548	6036	4593	4441	4278	4562	4665	5087
ko04940	8341	13421	14426	15759	14767	8480	15447	15845	16134	14896	15891	17065
ko04964	2467	6362	5061	11295	5134	1632	5650	6090	6070	5658	5727	9359
ko00940	3726	1924	2890	1564	1293	716	2056	1807	1835	2196	1986	946
ko00500	130691	160699	170670	181448	190303	160664	189606	198876	179352	177308	183022	192490
ko00052	119870	105456	119174	115427	130361	108727	127728	135704	124786	121845	122807	126005
ko00945	2766	1594	2286	873	846	127	1747	1411	1369	1811	1664	525
ko04912	3	6	113	43	8	0	62	52	82	97	49	40
ko04924	0	45	34	17	10	0	43	33	23	35	36	31
ko00363	0	1	10	737	2	0	5	3	3	0	19	133
ko04728	0	1	60	158	10	718	3	0	20	21	50	105
ko00190	101772	88640	89111	115337	84646	96171	95516	91494	92452	88288	92735	96437
ko04210	3224	1968	2781	1397	1643	1266	2550	2348	2057	3263	2568	913
ko04973	3758	3478	3204	2771	4018	1903	3499	3350	2709	2420	3158	2675
ko05205	8078	7794	7878	7853	9415	5998	9072	9441	8602	7574	8172	8314
ko00541	98784	71673	77271	79492	68999	61528	74658	74232	71189	76858	77239	72504
ko05110	6	62	100	59	70	178	14	71	17	27	45	77
ko03010	297734	438467	438857	336883	426352	239768	423939	418765	423555	425985	421860	397743
ko00330	44161	35500	38428	49216	37564	39787	40950	41225	42196	40980	40677	43442
ko00470	44073	53332	51738	52301	53012	53022	54834	53829	53905	51364	52627	56088
ko00521	50152	42741	45349	43426	45255	42058	47502	47429	45596	45759	46761	45572
ko04010	8	4	112	55	8	0	60	51	91	102	45	40
ko03020	28921	72146	71495	53991	73671	35364	71671	74702	74636	69956	72776	71869
ko00770	59396	51428	52490	66454	50875	61521	59011	59860	58536	56043	56512	60001
ko03420	55857	101849	99198	94918	101972	66182	100730	101372	103119	96267	102627	107847
ko03440	138819	189340	189948	160803	191956	132225	188659	187863	192234	183684	186131	182087
ko00220	62095	78536	83739	100652	87854	80580	92594	94454	93611	86316	89655	99412
ko00603	24267	15511	19832	15151	20571	12832	22249	23597	23347	22588	21009	17366
ko00790	56827	37295	38578	50599	30865	54216	39914	39493	38068	37578	39548	39831
ko00791	2667	405	1476	7107	589	725	851	760	1514	766	1304	4453
ko04810	8	5	148	78	17	27	75	49	109	121	66	99
ko00410	11029	8914	10248	33381	7667	11764	10315	10653	11852	11413	12605	20176
ko01503	40555	30767	37049	23885	27345	17854	36157	33917	33361	35697	33455	24745
ko00240	177609	191597	196293	176341	196123	152521	197938	197809	202606	189204	196827	195795
ko04978	2028	5835	5389	6342	6339	4588	6927	7672	7755	5619	6624	7864
ko05134	16496	27859	29491	30101	31335	16072	32357	32615	32390	30377	32211	32493
ko03410	52500	68912	65113	66796	69157	52681	64856	63767	65719	61310	64727	72253
ko04910	11113	20703	20784	22424	25568	11193	24936	25867	25341	22120	23059	26823
ko00020	89395	108990	116625	116692	113113	77126	117433	120654	121522	115832	116888	122401
ko03030	98385	142733	138641	126908	138841	89070	134168	133438	138587	132059	134361	135880
ko00552	25704	33711	28556	27375	32649	36937	29408	27818	27747	26304	25768	31717
ko05111	27333	23857	23675	24692	25702	23411	26599	26640	26716	24929	25305	26058
ko04666	4	5	116	46	7	0	66	55	101	114	42	63
ko00130	20580	11334	14557	22775	8146	5581	12894	12403	12763	13323	13222	12627
ko00660	23249	18703	18120	30799	19369	28688	21992	22760	22406	19644	20739	26058
ko04620	0	3	60	17	3	0	59	51	81	83	22	16
ko04080	3182	2654	2292	1499	3119	1255	2233	2180	2254	2161	2028	2272
ko02026	33061	41858	43681	42487	48473	34562	49030	50514	49646	45881	45308	49054
ko00230	220667	255056	258793	260932	266325	219219	274068	276105	278102	256895	268704	286930
ko05131	2111	1115	1834	2363	2395	594	2837	2924	2267	2644	2332	1766
ko04217	24737	36069	39182	35455	42964	29864	44743	46072	44905	41191	41941	43940
ko00260	112246	122057	128623	135069	130278	105674	137643	140531	138346	129265	134448	140246
ko00401	14990	17672	18546	19481	20345	19914	19939	20095	20466	19213	19338	21446
ko01059	0	17	2	129	14	28	0	0	2	1	2	39
ko00970	161573	307646	305589	248872	313696	167308	310503	317524	321770	300129	317527	316548
ko04920	14435	25595	25415	29613	20845	12545	24101	23509	23409	23965	24290	26280
ko04152	6170	9576	9111	10015	9676	5857	9174	10510	9998	9452	8920	11548
ko00195	31494	34246	32514	33703	37627	40065	37618	37240	34733	33633	34765	35184
ko04935	4	4	99	52	6	0	60	53	87	93	49	36
ko04310	0	0	25	24	0	26	1	4	5	18	12	23
ko05207	7617	8806	9994	6458	9273	6219	10633	10369	10195	10230	9874	8934
ko00332	7950	8563	9006	9156	10754	8764	10566	10743	10727	9978	10149	10480
ko00630	91068	97964	100023	146657	101807	82813	106786	109940	111910	101385	107076	127586
ko05030	0	0	13	134	1	718	0	0	8	3	21	70
ko04625	2	0	46	5	9	0	2	1	9	9	19	21
ko00760	73230	67154	66757	69090	65100	59120	70029	70511	68788	66429	68529	69824
ko00261	31635	32362	36521	33757	37283	29158	37365	38408	37005	35356	36208	36658
ko00400	73957	71602	69768	76230	77185	87758	74379	74185	75314	69962	71998	79253
ko05203	5885	7547	6329	5751	8542	7728	6785	6496	6816	6556	6643	8030
ko04112	71531	85905	86698	68228	87373	60315	88984	87935	89030	84280	88059	83026
ko04138	1217	1425	1410	3460	1785	3245	1309	1394	1381	1032	1501	2704
ko05418	25641	25396	27857	22330	27166	19012	28613	28663	27897	27475	27147	26370
ko00941	2778	1588	2308	866	846	127	1737	1402	1358	1830	1660	535
ko00513	15936	6183	10250	6241	5913	2048	10325	9717	11201	11421	10172	5172
ko00270	138748	152683	150480	150156	159291	156781	162414	164676	161626	152781	154751	163547
ko00906	200	630	351	666	764	594	594	783	614	425	503	539
ko00281	280	823	443	13543	428	1187	403	397	646	315	891	5879
ko00380	15028	14746	16103	54553	14281	13805	15284	15923	17146	15521	17995	33593
ko05417	17077	23194	24756	22358	24781	15524	26372	26363	26443	25327	25541	26248
ko00053	21040	14714	17180	25352	15954	17049	17402	17528	16387	17625	18662	21826
ko04928	17	161	141	67	117	383	80	85	141	119	58	142
ko04660	5	3	88	42	8	0	61	51	92	87	40	33
ko04216	18778	22678	23992	24165	18004	13823	21799	20670	20750	22009	22224	20712
ko02024	169259	184912	182431	236718	198814	198677	196898	197640	198423	185605	194672	227067
ko05132	29278	30601	33669	28830	33201	19723	34967	34432	33730	33702	33833	32303
ko00280	30569	27505	30046	94892	26676	23727	29148	29642	32574	30443	33170	56326
ko05323	6	0	33	17	6	19	1	0	8	12	5	19
ko04340	18	1	11	1	3	41	0	2	4	9	4	9
ko01502	42781	50727	49092	42735	53532	41523	50096	49751	49806	46737	48704	49318
ko00010	173591	243034	248656	226160	262356	177690	258586	262560	267574	246302	253834	265547
ko04972	2711	3378	3187	2700	3916	1831	3405	3210	2590	2323	3080	2580
ko05170	16	8	144	96	17	29	85	66	132	147	82	98
ko05034	13	4	148	183	16	1021	67	53	93	129	74	123
ko00561	45711	46378	45987	55897	57555	53357	51790	52449	52776	45997	48805	59291
ko00901	0	0	7	5	0	718	0	0	3	2	14	0
ko00750	21423	20820	23368	25065	22360	17176	24891	25615	24743	23851	23890	25773
ko00640	63507	76424	77734	120370	80261	59966	78467	77712	82233	75956	79485	103523
ko00950	7414	7895	9059	8008	8825	9194	9690	9152	9752	9519	9341	9152
ko03060	74530	100744	102703	88272	97836	64625	102410	100409	101253	101192	102488	99183
ko00480	18688	15461	15575	33078	14815	19031	16466	15391	15969	16405	16729	23043
ko03320	19696	31576	30735	42293	27250	19477	30845	30031	30208	29910	31198	35406
ko05100	219	356	345	218	313	272	177	346	455	115	194	610
ko04970	2708	3390	3188	2712	3917	1830	3399	3212	2606	2323	3079	2590
ko01057	0	2	0	36	1	0	16	11	3	0	4	6
ko05200	8335	10602	11447	9438	10976	8069	12214	11854	12023	11451	11186	11159
ko04122	28576	31924	28919	35953	33474	44292	31916	32335	34036	29540	31352	38346
ko01051	11805	17981	18086	15093	20097	17256	19203	19601	19986	16838	17659	19927
ko00040	65239	73801	77575	71420	83955	63459	84167	88045	82507	81184	79924	86646
ko05033	0	0	0	6	0	0	0	0	3	0	0	4
ko03250	29	184	258	1688	165	14	161	179	267	102	259	1007
ko05322	15	68	129	47	42	409	30	3	19	60	27	71
ko05166	3204	2851	2585	1633	3251	1844	2374	2292	2464	2377	2152	2585
ko04022	0	3	109	52	15	17	64	53	96	96	54	73
ko04070	9106	6773	6982	7479	6361	6166	7046	6594	6578	6424	6585	6695
ko00944	195	688	579	438	1013	732	936	857	722	855	510	838
ko00900	59018	61158	64491	61732	59961	54119	63037	61874	63822	61020	62517	62294
ko00910	34357	38015	38649	52790	40956	43565	43274	44193	44374	40551	41596	49326
ko00531	24323	14013	18424	15884	16135	6892	21343	21488	21724	21365	19894	14410
ko01501	60223	56007	64639	56420	64213	42214	69428	69925	69912	64465	67204	61984
ko00564	63910	63014	62393	61158	64473	58924	61073	61289	61480	55840	57700	61799
ko05226	4	9	128	69	15	2	68	59	103	108	54	75
ko03018	75594	112304	115723	102190	114794	67006	119397	119857	122173	115901	120518	117364
ko03008	6680	8933	7523	7093	8610	11112	6923	7223	7342	6694	7408	8657
ko04540	3	4	102	47	12	0	68	50	82	93	39	36
ko00572	1092	3692	3229	5789	2670	1918	3320	2603	2993	2576	2860	4393
ko00720	147920	181842	194209	174212	197914	147516	198404	201467	207208	190274	193718	196749
ko05218	0	3	67	22	4	0	62	50	79	83	30	14
ko05165	5813	6996	6291	5708	8252	6302	6838	6473	6756	6489	6635	7627
ko00051	99713	98234	106336	101489	101372	78007	108334	108675	107376	101830	102375	106237
ko04146	28170	31455	31606	46174	25945	22994	30145	28382	28957	29565	30612	35814
ko00061	64320	51675	59775	69123	45613	52465	57795	54543	53494	59295	58630	52671
ko01523	23011	25228	27526	27293	25578	20257	26740	27236	27574	27381	27688	27100
ko00532	0	0	0	0	0	0	0	0	0	0	0	0
ko04727	13898	16134	18177	21180	17536	15593	19771	20686	20282	19127	19715	20376
ko02020	197555	145259	164832	201855	161508	173360	175071	176853	172077	171383	170285	177167
ko04330	5	1	26	10	2	0	120	0	3	25	24	31
ko02030	10473	7120	10533	20184	14581	18558	15027	15430	12846	13358	12614	13759
ko04740	72	0	19	2	3	0	3	0	0	18	16	9
ko04979	3158	2617	2315	1502	3135	1255	2277	2193	2263	2167	2015	2261
ko04931	11153	25623	22876	24362	28091	16833	27236	28251	27413	24281	24877	30339
ko04714	13961	21594	22359	27708	16930	13366	20326	19002	19117	20269	20694	21345
ko00540	38509	15976	27902	16739	12851	3212	25266	23534	23172	26409	26392	10593
ko05146	1936	4383	3922	4152	5735	2392	4094	3805	4142	3651	4130	4361
ko04136	3	4	90	50	10	8	8	3	12	19	34	80
ko00523	29518	20631	22104	18292	19883	24761	22035	21114	20055	21702	22070	18936
ko04072	1017	1290	818	352	793	723	894	563	670	798	850	649
ko03264	0	0	0	0	0	0	0	0	0	0	0	0
ko04962	2	4	48	39	4	10	4	1	12	22	15	37
ko04110	40	239	258	171	163	439	52	55	95	132	106	337
ko00514	224	717	694	2463	1171	273	743	763	817	846	1034	2089
ko00710	84260	113830	117891	97514	119846	78892	119612	120686	122464	112486	116495	116524
ko04976	20	195	142	84	139	483	63	30	109	77	72	227
ko00250	122894	138226	143536	154301	142203	125440	153486	154421	152864	144336	146418	158533
ko05010	8063	11886	12724	13751	12501	7928	12445	12141	12712	12215	12688	13826
ko05222	0	0	0	19	1	0	11	6	22	11	5	6
ko04115	2	3	39	36	11	4	14	10	35	28	31	45
ko03022	1575	1869	1457	3053	2380	4217	1713	1810	1570	1858	1876	3103
ko00643	1394	2927	2331	9891	3148	4066	2792	2480	3260	2450	3086	6952
ko00966	10085	8056	9122	9913	9247	10540	10167	10243	10063	9775	9666	9336
ko05231	1021	1470	949	414	903	1014	965	854	734	874	1057	759
ko00543	18720	21492	20257	19281	23961	20279	22549	22339	21864	19508	19831	22853
ko04974	5074	3244	5844	2574	1969	251	5719	4771	4533	6194	6168	1934
ko04975	1583	2592	1724	8257	2817	4352	2360	2232	3050	2181	2647	5587
ko04936	2400	2453	3236	14089	2369	3059	3020	3151	3305	3582	4140	6924
ko04662	3	4	81	32	6	0	63	52	80	89	37	24
ko00981	2322	1859	2423	6114	1828	2975	2382	2607	2555	2657	2883	3606
ko00253	0	2	0	0	0	0	5	0	0	5	0	5
ko04927	0	0	2	0	0	0	0	0	0	2	0	0
ko05171	926	5312	2157	1014	3049	10696	1064	1455	1602	1541	1210	3930
ko00300	76747	90132	95928	87715	98068	80971	99091	100375	97687	92173	95618	96792
ko04111	7	7	311	203	41	44	17	11	87	113	106	303
ko04371	29	229	206	98	136	509	114	91	149	132	91	225
ko05150	1738	2825	1686	1663	2643	6632	1887	2266	1912	1722	1506	2364
ko03050	99	748	439	3797	418	1546	144	173	282	203	454	2377
ko05020	2826	1069	1259	3676	1708	1971	1237	1020	1394	1264	1267	2337
ko00510	3660	1713	2726	1923	1189	400	2132	2259	1777	2597	2271	1336
ko00120	3344	2716	3638	2849	3329	1116	3390	3472	3529	3681	3563	2558
ko05142	3	73	139	2946	20	0	119	78	182	180	259	1331
ko05017	442	1423	1182	649	722	3004	871	785	1449	1202	1187	1231
ko00621	2630	830	911	4017	1198	1162	1321	1179	1082	955	1075	2834
ko04260	29	51	72	470	20	308	20	25	65	55	80	181
ko05225	16	198	384	255	237	289	282	184	298	319	232	237
ko05135	36	224	314	113	173	164	159	287	366	156	174	467
ko04750	0	0	33	11	6	0	0	0	4	13	12	17
ko00909	0	66	79	148	141	87	202	275	245	79	122	48
ko00140	2726	1589	2145	3574	859	208	1122	1067	1235	1336	1269	2033
ko01053	1036	176	409	4115	157	256	627	450	1002	500	660	1651
ko02010	341796	302750	297312	438577	382581	431519	340727	363041	358820	313063	337822	433978
ko04921	40	338	293	122	200	803	130	169	199	203	130	320
ko00860	56741	51341	39574	54140	47447	111821	43320	44220	43227	37086	42439	53484
ko04211	5680	3295	4559	10997	2221	715	3473	3208	3405	3831	4202	6230
ko04919	5279	4514	5308	3297	5076	4713	5127	5545	5219	5272	4825	4619
ko04530	36	232	111	110	134	423	45	51	60	75	57	213
ko00930	334	1016	477	10586	906	1933	601	507	660	436	938	5595
ko00592	176	764	359	5922	192	155	145	139	290	270	365	2320
ko03015	68	653	288	217	397	1114	255	337	408	186	365	541
ko04925	0	0	45	18	9	1	2	0	18	14	24	28
ko03460	37	269	199	155	195	615	77	89	116	152	104	400
ko04614	652	175	543	2130	279	102	271	263	406	258	373	1199
ko05223	3	5	94	41	6	0	61	51	85	92	44	30
ko05167	526	322	303	92	238	328	186	113	206	185	120	307
ko05221	4	5	83	37	6	0	63	54	79	89	45	22
ko05219	0	10	103	1736	7	12	87	66	132	109	142	836
ko01052	26	0	0	41	4	0	0	0	1	0	0	8
ko04016	5674	7675	8587	16532	7665	4721	9523	9667	10037	8131	9881	13276
ko05161	37	230	170	124	131	400	109	108	149	153	83	204
ko04926	10	27	107	50	71	0	79	65	101	128	57	38
ko04916	0	3	101	32	6	0	58	49	83	95	38	32
ko00565	251	1603	684	216	561	1013	351	343	443	391	316	410
ko00333	14086	13016	15034	20310	12942	13024	14868	14009	14095	14137	14992	15368
ko05169	11	3	104	66	6	20	20	10	53	42	67	99
ko04720	0	3	96	31	10	0	57	49	76	101	46	30
ko04218	5	8	155	80	27	9	62	66	108	124	92	113
ko04013	3269	2026	2593	2392	1380	484	1983	1869	1927	2295	2056	1392
ko04071	5	311	274	143	164	192	182	156	188	166	165	231
ko04380	0	3	65	22	3	0	60	52	78	85	28	16
ko05210	7	7	115	71	10	0	76	57	107	106	61	52
ko04726	0	3	87	160	5	718	65	51	85	95	60	76
ko04932	70	293	179	576	186	963	116	89	186	202	174	420
ko04664	3	4	90	38	6	0	60	51	85	88	40	26
ko04012	6	5	97	44	9	0	59	54	90	91	47	34
ko04360	2	0	36	26	6	0	2	1	15	12	21	22
ko04960	0	0	41	16	9	1	4	1	20	14	29	20
ko04015	0	3	104	49	6	23	66	51	83	94	44	34
ko04622	41	4	9	24	15	436	48	39	47	28	36	41
ko05224	3	5	85	44	7	0	174	53	83	91	47	28
ko04971	0	0	45	35	8	24	4	0	21	15	26	33
ko04014	5	9	145	52	13	3	74	54	100	106	60	72
ko00670	75443	82307	86659	82792	89006	70119	89252	92216	91870	85126	87554	86652
ko04934	663	1617	1248	2867	1454	1558	1305	1401	1711	1031	1213	2024
ko04361	1013	1286	714	309	780	1439	939	511	598	719	803	595
ko04320	3	4	79	30	5	0	176	50	77	85	32	19
ko05213	3	4	83	37	9	0	62	50	82	92	37	26
ko01521	31	240	175	89	130	505	106	94	147	131	75	201
ko04270	0	5	99	25	10	0	60	52	82	100	34	35
ko04350	0	0	14	9	4	26	2	4	2	10	5	16
ko04933	6	20	43	24	72	0	19	16	25	47	29	13
ko05163	4	7	139	75	8	1	77	63	109	108	79	76
ko04510	7	26	99	62	76	23	76	61	107	134	51	50
ko05217	15	0	0	4	1	0	0	0	2	2	3	2
ko04961	3	0	44	29	8	1	12	0	21	17	30	30
ko04520	0	0	35	37	7	23	4	3	8	6	2	10
ko05212	1	9	94	42	6	0	66	53	89	101	48	41
ko05162	32	233	152	92	167	647	64	55	95	80	87	207
ko04613	11	7	120	70	9	327	69	50	100	123	49	56
ko04929	0	3	78	24	3	0	65	48	79	89	31	15
ko03070	75525	94543	99354	80117	90366	56932	99190	96465	97001	98760	100415	90435
ko05410	0	47	11	21	9	39	47	34	23	35	26	29
ko05216	1	7	84	25	4	1	61	50	81	89	36	24
ko05211	675	1643	1244	2876	1461	1558	1310	1419	1711	1043	1219	2018
ko04113	1807	1881	2722	2803	1579	2305	2147	2119	1816	2448	2406	2089
ko00623	6	119	136	7390	142	213	85	115	283	118	515	3593
ko04650	5	4	92	40	9	0	62	51	82	92	41	33
ko00908	7635	9212	9886	6866	8720	4896	9228	8902	8633	8892	9416	7666
ko04657	7605	8763	9811	6368	9312	6221	10506	10314	10065	10183	9760	8855
ko04144	25	18	256	121	19	10	20	7	59	92	68	206
ko05235	1	4	85	38	3	0	62	54	77	89	45	26
ko04668	0	3	68	19	2	0	61	51	80	82	24	14
ko04140	35	237	313	165	179	657	114	110	184	187	152	336
ko00360	22370	29399	28137	66205	33943	33557	33323	33169	35447	31168	33561	54158
ko00626	3332	5542	5067	10141	6956	2601	5605	5065	5404	4703	5887	8348
ko04722	3	3	96	37	9	0	58	49	81	86	46	31
ko05143	116	399	439	3251	254	185	416	583	671	458	587	1724
ko04725	3	3	82	38	3	0	68	51	77	90	42	22
ko05140	32	313	109	73	181	647	56	91	100	90	80	252
ko03013	66	540	444	276	383	1226	109	140	223	216	245	682
ko00100	4	16	49	185	90	44	162	250	241	38	104	43
ko05204	9	13	61	7	18	0	43	37	45	31	69	15
ko04137	524	316	234	55	235	330	116	58	108	80	72	286
ko04114	0	4	169	76	17	53	65	54	94	122	66	108
ko04120	529	320	318	145	261	407	136	60	138	121	115	392
ko00062	18	725	197	160	223	801	153	98	125	80	75	318
ko01055	5446	5307	5660	5326	5645	5295	6087	6145	5681	5817	6543	5514
ko00515	220	662	675	2463	1008	273	736	756	834	841	1039	2052
ko00591	115	659	191	9	101	0	59	44	98	125	46	36
ko00590	116	652	204	17	103	1	60	43	102	130	51	36
ko04145	9	50	153	85	63	189	13	45	28	38	44	137
ko04918	1699	3065	2434	1848	2567	5596	2381	2073	1849	2406	2321	2354
ko00364	5	76	47	1640	83	112	45	67	166	70	167	795
ko04391	0	0	13	21	3	24	3	0	5	6	13	22
ko00365	0	0	0	8	0	0	0	0	0	0	0	0
ko03040	5	10	249	140	40	23	22	51	61	152	94	257
ko03430	118182	170692	165367	146299	169419	108751	165332	164605	169268	161219	166821	163520
ko04966	6	0	34	16	5	19	1	0	9	10	4	14
ko04721	9	0	62	49	12	21	12	0	20	22	19	51
ko04392	2	3	25	5	5	1	1	0	14	5	6	20
ko04611	7	23	32	32	70	23	18	15	23	46	20	22
ko05031	0	0	41	144	6	718	2	0	12	19	36	84
ko00984	1	18	78	9469	39	138	20	37	189	36	609	4910
ko00563	4	3	34	36	2	2	7	8	16	31	19	53
ko04261	0	0	65	44	18	17	4	1	25	22	38	71
ko05145	0	0	28	28	3	0	10	6	21	19	12	20
ko04723	104	63	161	807	92	312	105	38	123	222	110	217
ko04911	0	0	24	12	5	1	2	0	18	9	17	18
ko04139	4	5	85	57	6	6	6	10	32	35	58	101
ko04020	2	0	45	28	7	1	2	0	6	21	24	42
ko04064	0	0	10	17	3	20	0	1	7	4	7	14
ko04710	0	0	3	5	0	26	0	3	1	3	6	17
ko00511	69499	46616	64815	48596	56574	26203	69712	74495	69229	70578	65690	52112
ko05220	3	4	84	38	6	0	65	51	79	88	38	23
ko00622	2637	890	981	9843	1229	1270	1358	1211	1150	1031	1350	5182
ko04712	0	0	6	10	0	0	0	2	0	0	0	6
ko00534	0	38	24	3	24	0	15	40	68	26	28	27
ko05414	0	0	5	14	0	39	3	0	0	7	1	11
ko04745	0	0	24	16	3	23	2	0	2	8	11	11
ko00980	2095	1457	1377	7473	1606	645	1818	1449	1505	1288	2149	4725
ko05032	0	0	13	19	0	0	4	0	7	5	10	11
ko04390	0	0	17	27	6	24	3	0	5	8	14	27
ko00562	13598	15501	15924	25508	18383	11397	17375	18805	18998	16663	17732	22877
ko04730	0	3	81	34	4	0	60	50	83	85	39	27
ko04742	0	0	2	0	0	0	0	0	0	2	0	0
ko04550	0	3	74	20	3	0	62	50	84	89	33	17
ko04913	0	0	2	0	0	0	0	0	0	2	0	0
ko00254	0	2	9	9	0	2	0	0	6	6	5	10
Others	15343911	14293515	14007999	13335913	13813928	15584219	13606617	13522808	13534364	14027364	13766192	13124140
