#OTUID	PW-a	PW-b	PW-c	PW-d	PW-e	PW-f	PC-a	PC-b	PC-c	PC-d	PC-e	PC-f
ko04610	0	0	0	0	0	0	0	19	0	0	0	0
ko01056	0	0	0	0	0	0	0	0	0	9	2	6
ko03240	0	0	0	0	0	0	0	0	0	1	0	0
ko00624	10	17	8	37	42	52	35	90	28	45	58	18
ko03266	0	0	0	0	0	0	0	0	0	0	0	0
ko04215	3	2	0	2	5	0	0	9	0	2	7	0
ko00571	29	16	29	10	12	9	26	103	23	14	47	7
ko04744	0	0	0	0	0	0	0	0	0	0	0	0
ko00073	0	0	0	0	0	0	0	0	0	3	0	0
ko04670	0	0	0	0	0	0	1	0	2	4	2	0
ko04624	0	0	0	0	0	0	0	0	0	1	0	0
ko04658	0	0	0	0	2	2	0	0	1	1	0	0
ko00232	0	2	2	0	0	0	2	46	2	0	16	1
ko05416	3	2	0	2	5	2	1	9	0	3	9	0
ko05130	12771	12630	12733	12886	12840	12846	12360	12759	12855	11143	11673	12226
ko00524	10737	10276	10005	10657	10011	10523	10164	10554	9370	10562	9829	9386
ko05133	5352	4990	7988	7745	6323	7002	9403	8340	6673	5474	8302	6776
ko05012	10558	10459	10463	10028	11550	11363	10662	10280	11334	11630	10513	10210
ko00405	542	672	549	574	615	547	488	638	815	1165	511	926
ko04630	0	0	0	0	1	0	0	1	2	0	1	5
ko02025	4232	4166	4867	5438	4797	4630	5214	5197	5398	4728	5554	4978
ko00030	143304	143414	136108	139739	145879	145513	128222	136535	138982	135499	131501	140226
ko01524	5905	5718	5256	5295	6320	6396	5310	6274	6015	6682	5617	5886
ko00600	54634	53510	53885	56451	56866	58043	61755	60554	55022	53028	54117	53896
ko04341	0	0	0	0	0	0	0	0	0	0	2	0
ko04923	3	15	2	0	0	0	0	0	2	1	2	0
ko04914	10512	10277	10279	10512	10814	10665	10722	10759	10406	9049	10569	10423
ko04011	1489	1487	1928	1925	1495	1574	2277	2297	1814	1558	1740	1568
ko05014	4308	4262	4492	4740	4666	4610	5427	5337	5824	5347	5018	4638
ko05412	0	0	3	0	2	0	1	0	0	1	2	0
ko04142	31451	29935	33564	31778	31908	33106	42998	39354	29807	30287	32106	30788
ko00310	18570	18120	18348	18872	18314	19125	18467	20912	17731	16666	17662	18163
ko04930	6714	7069	7238	7035	7260	6925	6018	5923	6898	6301	6074	6995
ko04626	35889	35243	36470	37791	36319	36667	36659	37792	36887	32929	37971	35872
ko00740	16906	16673	17787	18289	17106	17435	21416	19946	19492	20459	20451	19447
ko04922	37392	37758	36916	37875	40172	39292	33299	35701	37462	36263	35096	37969
ko04066	40214	40393	40503	40620	40347	40471	37259	39005	40042	37164	36959	39520
ko01054	1562	1508	1091	1261	1261	1261	922	1184	1288	920	1056	1268
ko04141	13233	12915	13038	13539	13339	13226	13424	13980	13976	12068	13503	13626
ko00604	9751	9208	12633	11329	10965	11521	16070	14066	9489	8847	10256	9478
ko04724	17823	17621	17025	18256	18100	18322	17080	18945	17443	18285	17804	17931
ko05215	10506	10228	10287	10476	10817	10660	10727	10749	10423	9047	10564	10434
ko00680	162126	161225	151854	157531	163493	164664	144895	156380	161052	155620	145412	162189
ko00625	12977	13561	11645	11755	12956	12606	10431	10263	11220	10451	10998	12026
ko00998	6989	6965	7152	7442	6999	7337	8193	7105	7805	7203	8586	8561
ko05208	4814	4732	5391	5019	5232	5188	6868	5963	5709	5306	5736	5097
ko00121	4659	4749	4456	4542	4832	4878	4700	4541	4544	4801	4509	4363
ko05214	4	11	125	106	30	25	183	82	71	28	69	89
ko00965	0	0	0	0	0	0	0	2	0	0	0	0
ko04213	15407	15393	16290	16233	16956	16796	17576	16933	15576	15007	16060	14789
ko05016	4245	4068	4405	4084	4534	4293	5610	4836	5320	4801	5172	4602
ko00642	242	225	127	153	91	143	57	160	105	63	138	100
ko00550	168478	173285	175503	168399	169787	168863	150891	157041	163096	161293	157472	168555
ko00830	3399	3521	3531	3532	2966	3021	3719	3702	3225	2632	3478	3350
ko00362	24084	23772	22094	24730	25125	25099	21791	25478	24786	22680	24032	23748
ko05230	19624	20048	19271	20166	20676	20018	17330	18198	19250	19480	18802	20465
ko05415	18599	18670	18233	17955	18901	18659	16532	17750	19197	17592	17544	18622
ko00525	14332	13873	14553	15112	13447	12973	14488	13779	14589	13508	14018	14016
ko05168	94	127	72	144	104	149	137	188	261	274	52	208
ko04151	15589	15240	14871	15204	15394	15426	15301	15947	14941	14191	15333	15056
ko02040	21759	19860	22370	27090	21613	20711	21534	22664	28814	20156	31966	22039
ko04214	4022	4169	3808	3190	3822	3509	3019	2684	2892	3681	3079	3483
ko01522	4	11	124	105	29	25	183	79	73	29	69	89
ko05152	40009	39071	38746	40293	41138	41456	37941	40495	39652	36582	37504	39781
ko04370	4	11	126	104	31	27	184	79	67	29	67	85
ko04130	0	1	0	0	1	1	0	3	0	0	0	0
ko00903	2786	2759	3078	2919	2603	2919	3327	3222	2706	2799	3194	2695
ko00430	26476	25843	25788	25535	26016	26226	24751	26128	25704	22592	23030	25299
ko04062	4	13	125	106	30	27	184	79	74	33	67	89
ko05206	16224	15177	15802	14947	13654	13760	15746	15630	15229	15663	16714	14107
ko00542	2933	3208	3541	3283	3347	3281	2837	2963	2988	2978	2556	3753
ko00520	213658	213420	210854	217441	221217	220239	209254	217417	215651	212340	213416	210466
ko00983	65287	65852	66327	66948	66770	66294	62377	64713	64518	60952	63702	63679
ko00997	631	675	743	773	842	814	583	815	832	731	785	990
ko04150	92	141	185	151	134	113	235	160	212	169	144	235
ko00290	44846	43978	44023	45905	46757	47188	44463	47772	46393	45373	46591	45041
ko05160	97	140	198	252	133	173	321	271	325	302	119	297
ko05202	2	1	1	0	2	1	0	2	4	2	0	0
ko00785	4361	4240	4561	4269	4041	4443	4910	4550	3669	4015	4159	4176
ko04977	0	0	0	0	0	0	0	0	1	1	0	2
ko01040	1431	1399	1029	1131	1297	1486	983	1126	1037	1352	1199	1175
ko03450	710	770	492	434	471	433	534	521	651	659	602	575
ko05164	96	141	199	252	132	173	319	267	325	302	120	292
ko04713	0	0	0	0	0	0	0	0	2	1	0	0
ko04068	8039	7898	8545	8186	7576	7848	9644	9489	8024	8142	8591	7860
ko00071	35280	35524	34555	35402	33559	33601	34789	35078	33996	29976	32572	34454
ko00311	2040	2011	2137	2401	2460	2389	1822	1892	1788	2453	1887	2556
ko04659	10494	10248	10164	10385	10777	10629	10539	10703	10342	9020	10507	10334
ko03260	3	0	0	7	0	0	0	0	0	0	0	0
ko00780	25185	25092	28196	28738	26159	26714	29386	29816	27528	27117	29516	27803
ko00350	23651	23184	22957	22835	24250	23817	22467	22619	22850	22152	21339	23789
ko00960	15111	14482	14928	14738	15358	15658	15108	15241	14969	15258	14083	15357
ko05120	19316	20045	18402	18547	18998	19225	16678	17626	17931	17808	16291	18151
ko04915	10526	10253	10296	10513	10799	10670	10741	10753	10431	9048	10584	10453
ko04212	46133	45393	45558	46540	46774	46837	44742	47729	45723	41280	43367	44930
ko05022	4617	4623	4792	5011	4866	4781	5905	5744	6009	5736	5293	5074
ko04612	10506	10230	10175	10417	10766	10643	10535	10681	10361	9019	10497	10360
ko00982	1603	1735	1577	1197	1393	1387	1326	1277	1404	1070	1365	1317
ko00340	56317	55325	55022	58106	59236	59117	53411	56304	55111	56952	56005	56437
ko00460	48776	49066	44340	49413	47491	46573	44751	50073	50111	44308	48210	46351
ko00620	238725	236328	225440	236773	242645	243556	219123	235404	230855	215824	219326	228064
ko00920	36890	36976	34121	34555	36154	36019	32311	32827	33838	36593	31983	34900
ko00650	120444	119617	117597	123898	122290	123078	120638	129251	122490	111517	116949	120103
ko00450	50212	51041	47351	49615	48422	49107	46930	50339	48927	48045	47304	48884
ko00633	11374	11177	9543	9111	11483	11152	7628	8661	10024	8433	8449	10407
ko00361	3298	3501	2735	2841	3309	3377	2580	2735	2901	3216	2630	2879
ko00999	39852	40668	35100	39781	38240	37166	35918	40979	40413	36434	39406	38261
ko02060	16379	17014	15272	15260	19109	18251	13562	14048	16562	17291	15917	17618
ko04917	4886	4646	4408	4083	5099	5032	3665	3882	4131	4580	4038	4213
ko00627	3104	3040	3273	3274	3686	3712	3175	3791	3262	3152	2960	3387
ko00440	3815	3730	4011	4039	3709	3823	4707	4487	3937	4087	4764	4216
ko04512	31	23	23	36	70	42	12	17	26	37	10	17
ko00730	69015	68409	69832	69066	70667	70426	70704	70364	71576	70025	71837	71049
ko00946	41659	41835	36715	39795	40243	39762	36545	42814	41077	37274	39552	38324
ko04024	7	19	129	110	31	27	212	139	99	39	81	92
ko04621	20669	20157	20859	21344	21712	21398	20950	21020	22199	19857	22473	20003
ko04623	5	13	14	4	0	7	11	6	4	0	7	3
ko05340	4189	4440	5560	5256	4744	4952	4593	4450	4821	4619	4760	5090
ko04940	16039	15483	15422	15861	15879	16065	16284	17419	15848	14432	14558	15271
ko04964	6442	6259	5942	6218	5602	5930	6073	6835	5715	6258	6397	5997
ko00940	1749	1682	2400	2305	1982	2243	2724	2698	2012	1478	2078	1829
ko00500	182945	184189	171140	187314	189105	186583	168894	182807	188458	172213	182149	174918
ko00052	126178	125735	120752	126667	132436	133116	123713	129690	128130	126823	124567	125708
ko00945	1388	1381	1820	1859	1457	1598	2147	2170	1589	1126	1703	1307
ko04912	4	11	127	106	29	24	184	80	71	29	68	88
ko04924	49	54	31	20	31	36	23	27	24	29	20	16
ko00363	0	0	0	0	0	0	1	6	0	0	4	0
ko04728	0	2	0	0	0	0	1	2	6	2	1	0
ko00190	90266	89579	91254	93679	93476	94264	99409	97688	93717	87487	93276	84633
ko04210	1920	1813	2417	2666	2086	2333	3614	3032	2473	2181	2675	2105
ko04973	3802	3784	3190	3732	4051	3905	2766	2732	2932	2940	3044	2819
ko05205	9755	9774	9820	9451	10159	9750	8603	9103	8958	8166	7916	8813
ko00541	71062	70089	75777	78695	72243	72159	79236	78993	80577	73998	78984	73417
ko05110	84	122	42	24	54	42	103	44	69	119	52	94
ko03010	436159	443076	456718	455000	441556	438081	413458	430175	440526	393869	417009	430979
ko00330	40349	39730	39889	40561	42353	42706	41173	42453	42767	42122	41613	41318
ko00470	57593	57765	54359	56168	57191	57915	51925	54267	53904	55017	51507	55440
ko00521	48903	47983	49615	50101	48123	47865	49307	49524	49095	46726	48211	48800
ko04010	4	12	123	104	34	28	183	80	74	33	71	91
ko03020	77243	77311	75797	78791	77164	75994	72239	74914	75370	65710	69147	73597
ko00770	53431	53322	56458	56948	56050	57466	60517	61792	58401	58172	59683	57853
ko03420	107365	108089	107110	106197	106469	107092	95582	102100	101897	97639	97490	104746
ko03440	203400	205414	206314	199299	200736	200985	185194	193128	193268	189825	185599	195753
ko00220	92776	91672	88149	93694	93071	92945	88302	95935	92315	94558	91660	94577
ko00603	23340	22501	22774	23418	23982	24661	26605	25823	21891	21966	22102	21473
ko00790	31549	32321	34913	34046	32222	32140	40191	39262	36498	35398	38565	34687
ko00791	790	801	1100	1137	726	802	1109	1029	814	853	904	1283
ko04810	4	15	127	106	31	30	186	82	80	33	70	89
ko00410	9630	9005	10797	10449	9417	10186	13073	12733	10270	10437	11165	10516
ko01503	34152	33270	37869	37372	35421	36540	40020	37520	34808	32720	35350	34470
ko00240	203532	205375	202961	203569	208106	207203	194000	202949	200754	195408	194412	199584
ko04978	6206	5882	5602	5757	6563	6645	5588	6473	6295	7038	5924	6287
ko05134	31755	31661	31087	32908	31887	32311	31037	33379	32301	28621	30689	30741
ko03410	70128	71419	70830	68585	69614	70181	61565	64475	66789	67318	63931	69562
ko04910	25769	25364	24798	25847	27031	26868	22962	25092	25261	24070	24386	24890
ko00020	123052	121005	117520	124619	123694	126311	123297	130353	120945	115869	118861	120330
ko03030	148626	150825	149619	144002	143984	144000	131846	137245	139543	137306	131483	142350
ko00552	31976	32936	31898	30481	33231	32253	27997	26051	29324	30370	28682	32092
ko05111	25505	25606	25467	26421	27218	27430	28015	27512	27462	28854	26097	27751
ko04666	4	16	126	105	31	28	183	79	69	32	69	87
ko00130	11045	10404	12701	11721	11498	12082	16180	14657	10976	10261	11863	10366
ko00660	21037	20515	21230	22239	22323	22786	21595	22554	22754	21863	22037	21930
ko04620	4	11	127	104	29	25	183	79	70	29	68	84
ko04080	3258	3306	3119	2684	3189	2926	1945	1932	2375	2863	2354	2779
ko02026	47198	46784	46106	47504	51619	51710	46449	48489	49088	47724	48002	47834
ko00230	282923	284190	273252	280057	282935	282925	266648	281079	275903	268456	267823	274922
ko05131	1190	1036	1153	1939	1286	1137	1389	1643	2270	1338	2784	1499
ko04217	44108	43583	42654	44618	46959	46582	41768	44734	44261	42349	42851	44399
ko00260	139777	137316	135558	142842	142611	143971	135805	145801	138676	133767	134992	136810
ko00401	20851	20091	19712	19735	20643	20744	19496	19607	19760	21164	19227	20553
ko01059	0	1	6	1	0	2	0	4	0	9	0	3
ko00970	331832	337216	332580	333623	338362	336560	303032	325750	328541	294301	297965	321863
ko04920	25244	25262	25792	26134	23755	24312	26762	26737	25114	22721	23832	24981
ko04152	10148	9898	9646	10349	9964	10263	9623	10579	9908	10399	9898	10171
ko00195	37800	37729	33776	36225	38565	38148	33320	34677	37299	33886	36198	30654
ko04935	4	11	125	105	30	25	183	79	74	30	69	88
ko04310	0	0	0	0	2	3	1	1	1	0	2	0
ko05207	10512	10256	10328	10525	10808	10681	10721	10771	10396	9067	10557	10446
ko00332	11007	10682	10288	10698	11585	11871	9514	9941	10760	11266	10659	11073
ko00630	111622	108889	109827	114604	115137	116454	111269	117236	108523	109146	109139	110670
ko05030	0	0	0	0	0	0	1	2	2	1	1	0
ko04625	3	2	0	8	2	4	0	0	1	6	0	0
ko00760	67734	66546	69596	70480	67977	69070	69614	72091	69767	69822	70297	69555
ko00261	40022	39633	37665	38949	40229	40569	36757	39680	38015	38295	36972	38114
ko00400	76756	76449	74062	75246	77715	78716	72256	75993	75976	80379	75836	78045
ko05203	6870	7338	7426	7287	7529	7061	6180	6132	7350	6752	6167	7558
ko04112	92154	91416	93766	91660	93397	91734	87158	88240	90818	85460	86052	90648
ko04138	1451	1630	1321	1514	1471	1467	941	1270	1271	1156	1074	1084
ko05418	27763	27390	27470	27838	29622	29221	27493	28059	28303	26959	28133	27435
ko00941	1386	1374	1820	1853	1461	1603	2146	2170	1587	1126	1698	1304
ko00513	9825	9250	12624	11340	10959	11551	16092	14108	9507	8870	10287	9532
ko00270	168009	165957	159513	165491	166864	167674	159281	167684	163394	166945	162223	162882
ko00906	523	549	494	318	457	432	597	561	498	795	467	334
ko00281	398	392	260	287	279	323	315	653	415	430	367	405
ko00380	15549	15273	15857	16889	15884	16613	16924	18830	16301	15567	16600	16189
ko05417	26703	26062	25662	26038	26961	26795	26702	27951	26537	23828	25598	26032
ko00053	16563	16531	16169	17890	16546	17517	18467	18468	18570	17554	18520	17179
ko04928	34	54	175	149	63	76	224	120	155	112	100	214
ko04660	4	13	125	106	31	29	183	79	72	33	68	89
ko04216	22177	22371	23596	23809	21693	21934	25271	23986	23240	19380	21483	22599
ko02024	204904	207156	191992	203455	205177	204514	186974	199480	196148	192462	186048	194575
ko05132	33009	32421	33128	33706	34274	33930	33185	33382	34624	30701	33620	32075
ko00280	32263	30380	32692	33260	33011	34896	35126	37554	30610	30288	31911	33242
ko05323	0	0	3	0	0	0	0	0	1	2	0	1
ko04340	1	0	1	4	0	0	17	29	13	4	6	6
ko01502	52967	54373	55181	52018	53110	52554	46711	48261	50567	50240	49616	51085
ko00010	274800	272767	265629	274852	278811	280896	258592	272371	267185	252003	255479	268216
ko04972	3654	3697	3124	3633	3940	3788	2628	2623	2861	2885	2901	2720
ko05170	12	28	142	110	40	35	193	91	77	36	86	89
ko05034	4	12	126	106	32	25	184	79	77	30	71	89
ko00561	55186	55438	50413	51008	54785	54745	45664	48322	50711	52035	50490	51455
ko00901	0	0	0	0	0	0	0	2	0	0	0	0
ko00750	24416	24097	23816	25156	25470	25865	24361	25726	24752	24302	24955	24778
ko00640	87189	85890	85169	84809	90302	90517	79854	84841	83241	79122	79533	86513
ko00950	9655	9250	9399	9157	9506	9518	9752	9737	9337	9640	8765	9769
ko03060	103021	103835	105966	106196	104649	106010	101786	104259	104360	98312	101054	102886
ko00480	14792	14725	15317	15731	15045	15255	15933	15978	15906	14658	15681	14703
ko03320	31393	31332	31323	31988	29666	30449	32744	33336	30974	29143	30157	30452
ko05100	108	149	247	110	215	189	165	133	176	238	153	187
ko04970	3656	3695	3123	3642	3949	3771	2639	2621	2866	2885	2907	2718
ko01057	7	3	12	6	40	24	14	40	24	10	6	7
ko05200	12334	11964	11713	12140	12440	12517	12001	12328	11865	10706	12098	12094
ko04122	33899	34270	32794	32372	34567	33540	29508	31101	33374	33368	30560	33543
ko01051	20444	20337	18443	19242	20718	20570	17026	19068	19276	19052	17974	19446
ko00040	89747	89146	78720	85027	88558	89640	82875	84667	87482	93079	87197	88257
ko05033	0	0	0	0	0	0	0	0	0	0	0	0
ko03250	117	117	149	210	227	207	147	228	206	94	175	160
ko05322	14	31	29	45	31	13	54	127	87	26	19	11
ko05166	3369	3415	3341	2897	3312	3071	2228	2130	2613	3063	2497	3135
ko04022	5	16	130	107	34	27	182	81	77	30	68	85
ko04070	6185	6270	7332	6824	6827	7107	6699	6684	6581	6681	6598	6883
ko00944	888	940	743	931	863	853	949	888	1087	966	1128	827
ko00900	63982	64826	65014	66298	65037	65337	63313	66084	63607	65314	64549	64693
ko00910	42318	42291	40430	43842	43654	44498	41044	45786	42931	43076	41950	43556
ko00531	21125	20394	24193	22346	22868	23356	28537	26108	19715	18713	20834	19178
ko01501	71418	71331	69004	71084	72408	72960	70334	71753	65718	67364	65549	65840
ko00564	66133	65747	66085	63478	67250	66931	61350	60348	62205	64759	62146	62924
ko05226	14	22	132	109	42	32	203	98	87	49	69	101
ko03018	122156	121603	124059	125379	124628	125388	118116	127089	122892	109627	114691	121674
ko03008	7813	8144	7946	7687	8102	7696	6995	7382	8130	8201	6760	8866
ko04540	4	10	126	104	30	25	182	80	78	29	68	87
ko00572	2965	3242	3665	3326	3449	3390	3004	3149	3046	3043	2721	3840
ko00720	216847	211836	206306	216988	218904	221718	202055	218226	205464	189273	194995	203968
ko05218	4	11	127	106	29	24	182	78	71	28	68	85
ko05165	6689	7113	7418	7189	7372	6972	6169	5988	7099	6484	6096	7277
ko00051	112163	110782	108172	113001	112551	113992	110766	111593	109787	109453	109535	110340
ko04146	29268	29382	30304	30658	29185	29565	32864	31895	30917	28220	29524	30491
ko00061	51128	51394	56942	58849	50752	51964	60611	59922	57387	50076	59460	55102
ko01523	27684	27471	28871	28164	28077	28316	28324	29771	28223	25743	27046	26786
ko00532	0	0	0	0	0	0	0	0	0	0	0	0
ko04727	19321	19012	18969	20158	19521	20002	20018	21282	19129	19781	19392	19447
ko02020	167678	164352	162587	172479	170124	168292	166189	170159	176168	169208	185701	172345
ko04330	0	1	0	0	0	0	0	1	0	0	0	0
ko02030	10946	9439	9507	12891	10542	9674	9684	9875	13468	11369	16449	10855
ko04740	0	0	0	0	0	0	9	22	4	11	4	8
ko04979	3251	3299	3125	2683	3208	2927	1945	1940	2373	2863	2352	2789
ko04931	27107	27246	26202	26295	28885	28566	23696	26092	27599	26679	25980	27351
ko04714	20515	20702	21482	21747	19518	19928	22589	22038	21203	18178	19403	20924
ko00540	18281	17835	23840	22458	19216	20521	31750	29735	21927	19004	23733	20608
ko05146	5521	5732	4411	4960	5771	5084	3368	3606	4577	3533	3988	5364
ko04136	1	1	1	0	0	0	0	0	2	2	1	0
ko00523	22204	21628	23865	23693	21254	20658	24363	23226	23781	20759	22614	22337
ko04072	489	519	966	678	687	753	927	706	708	546	646	810
ko03264	3	0	0	8	0	0	0	0	0	0	0	0
ko04962	0	0	0	0	1	17	0	1	8	0	2	0
ko04110	37	52	77	64	92	68	105	108	132	143	48	171
ko00514	1017	1114	797	1064	991	1038	888	956	921	1100	902	1015
ko00710	126349	125639	123625	126699	127537	129066	118443	124861	122661	113474	115221	120127
ko04976	90	157	65	69	77	101	95	57	103	123	63	125
ko00250	151965	151714	146135	152110	154885	155722	150276	160390	154106	151884	150685	151480
ko05010	13022	12860	13066	13300	13055	13106	12942	13262	13457	11699	11898	12741
ko05222	3	2	1	3	6	2	9	16	1	4	8	7
ko04115	2	2	3	2	8	0	1	8	5	6	7	0
ko03022	1666	1737	1465	1833	2154	2049	1498	1508	2026	2000	2056	2158
ko00643	2210	2390	1844	2180	2604	2586	2049	2764	2746	2963	2349	2770
ko00966	9580	9429	10205	10671	10804	11083	10407	10998	10228	10090	10344	10428
ko05231	534	572	1042	745	726	787	1214	741	761	621	706	870
ko00543	23121	24248	22636	22482	24033	23634	20218	20192	22434	23341	22081	22734
ko04974	3924	3560	6252	5684	4962	5454	8208	7327	5529	3887	5300	4934
ko04975	2770	2724	2425	3086	2910	2889	1935	2753	2635	2148	2562	2609
ko04936	3060	3065	3486	3021	2840	3151	3751	3400	3102	2890	3590	3285
ko04662	4	11	127	106	32	27	183	79	74	28	67	88
ko00981	2615	2590	2931	2733	2479	2790	3203	2853	2491	2565	2966	2524
ko00253	0	11	2	0	1	2	2	5	7	13	2	6
ko04927	0	0	0	0	0	0	0	0	0	0	0	0
ko05171	1732	2562	1749	1995	2153	1873	1912	2439	3335	3159	1419	3728
ko00300	102691	102367	98810	101822	102983	103415	95242	102391	99424	100490	98400	101139
ko04111	7	0	2	0	25	11	4	3	21	10	4	15
ko04371	91	133	177	151	134	111	237	156	209	168	139	226
ko05150	2386	2320	1435	1739	2447	2341	1315	1314	1547	1852	1627	1941
ko03050	270	363	271	303	327	260	264	433	505	579	209	507
ko05020	1500	1370	1083	1199	1737	1629	1449	1438	1956	1950	1478	1609
ko00510	1632	1522	2303	2179	1678	1701	2579	2615	2197	1593	2090	2027
ko00120	3976	3968	3890	3857	4088	4283	4172	3910	3843	3697	3769	3655
ko05142	90	86	104	61	100	145	266	259	107	74	146	106
ko05017	871	904	1244	1032	886	963	1699	1687	1274	1400	858	1595
ko00621	595	635	596	724	739	714	685	721	1037	912	1284	1056
ko04260	57	30	25	55	11	29	52	82	90	68	23	77
ko05225	111	113	241	305	168	196	271	215	183	188	254	199
ko05135	70	117	254	155	162	116	259	166	120	83	89	186
ko04750	0	0	0	0	0	0	0	0	4	1	0	0
ko00909	249	227	130	57	15	34	390	219	102	407	143	81
ko00140	824	880	1038	986	763	889	1231	1101	958	718	1200	730
ko01053	321	295	338	304	420	390	512	578	398	283	364	247
ko02010	369110	369877	328320	348342	379688	372373	310713	339417	346763	373072	342184	358353
ko04921	164	212	269	328	207	199	357	277	401	296	147	347
ko00860	37605	38369	36841	35767	37505	37446	35693	38063	36241	39288	34256	37684
ko04211	3075	3072	3892	3421	3153	3186	4929	4321	3573	3146	3831	3302
ko04919	4909	4744	5062	5530	5365	5389	5033	5283	5198	5047	5100	5375
ko04530	32	53	71	63	76	60	94	99	123	135	42	155
ko00930	371	434	337	341	360	362	383	618	491	639	406	505
ko00592	334	319	253	311	268	306	170	319	226	131	489	116
ko03015	317	342	192	186	178	175	466	345	331	560	187	399
ko04925	2	5	0	0	0	0	0	2	0	1	0	0
ko03460	133	173	115	130	137	121	167	178	226	259	107	266
ko04614	299	311	354	273	225	232	499	463	209	217	257	312
ko05223	4	13	126	105	30	25	183	81	73	28	68	89
ko05167	71	130	284	252	187	155	281	250	154	112	167	350
ko05221	4	11	125	107	29	25	183	80	73	28	69	87
ko05219	11	28	134	116	49	44	189	129	74	43	87	116
ko01052	0	0	8	21	0	0	0	0	1	0	0	0
ko04016	8469	8371	8276	8398	8765	8951	9038	9809	9056	9393	8383	8442
ko05161	39	66	197	171	111	86	277	186	191	165	115	244
ko04926	34	35	153	140	100	69	195	97	102	75	78	109
ko04916	4	11	127	105	28	25	184	75	72	29	68	84
ko00565	406	374	340	425	520	523	336	341	314	473	650	316
ko00333	13378	13654	15017	15252	13637	13813	14853	15065	14676	13989	15039	14251
ko05169	3	8	0	4	7	2	0	11	4	6	7	0
ko04720	4	11	127	105	31	27	183	78	73	28	68	84
ko04218	4	10	133	107	37	27	191	79	80	31	69	92
ko04013	1582	1600	2095	1616	1678	1637	2841	2123	1842	1626	2161	1826
ko04071	82	111	164	169	86	61	235	152	119	260	220	166
ko04380	4	11	127	105	31	27	184	79	70	29	68	84
ko05210	8	13	125	107	35	25	183	100	73	30	75	90
ko04726	4	11	126	106	29	24	185	79	72	29	69	85
ko04932	153	173	100	206	120	179	192	287	389	376	107	305
ko04664	4	11	125	104	28	25	182	79	73	29	68	88
ko04012	4	12	127	107	27	25	181	80	73	32	69	89
ko04360	0	2	0	0	2	4	0	0	2	5	0	0
ko04960	2	5	0	0	0	0	0	2	0	1	0	0
ko04015	4	11	125	107	29	25	186	78	72	31	70	85
ko04622	31	35	29	26	11	18	34	41	40	8	20	21
ko05224	4	11	126	107	30	23	182	80	73	28	69	89
ko04971	2	5	0	0	0	0	1	1	2	3	2	0
ko04014	4	13	126	106	30	26	183	81	76	33	67	90
ko00670	96518	95022	94021	94337	95825	96386	88666	95822	90959	88934	88468	88664
ko04934	1675	1612	1428	1554	1522	1696	1351	1461	1381	1520	1402	1623
ko04361	486	512	843	571	658	726	743	635	641	522	586	726
ko04320	4	11	126	106	30	25	183	78	73	28	68	89
ko05213	4	11	126	106	30	24	183	89	73	28	68	88
ko01521	91	134	182	153	136	109	237	156	208	167	139	228
ko04270	3	11	126	107	28	25	183	77	75	28	67	85
ko04350	0	0	2	2	1	2	9	6	1	2	2	6
ko04933	31	24	26	35	75	42	12	18	28	46	10	23
ko05163	7	13	127	105	37	27	185	87	73	32	76	89
ko04510	34	37	147	142	102	71	197	98	101	70	80	104
ko05217	1	0	1	4	0	0	17	30	13	4	3	6
ko04961	2	5	0	0	2	0	0	2	0	2	0	0
ko04520	0	1	0	0	0	0	1	0	3	4	2	0
ko05212	4	10	126	106	33	25	183	81	71	28	68	86
ko05162	97	128	72	153	104	146	137	188	254	274	55	208
ko04613	4	12	127	106	31	27	184	78	74	32	72	85
ko04929	4	11	127	105	29	25	182	78	70	28	67	84
ko03070	99774	99354	102504	102892	100225	101165	98649	100728	100309	94446	100258	99301
ko05410	50	56	34	19	30	34	24	27	22	29	22	16
ko05216	3	11	126	108	29	25	183	81	71	31	68	85
ko05211	1686	1616	1429	1548	1519	1690	1343	1469	1365	1522	1406	1618
ko04113	1767	1688	2013	2319	2054	2090	2313	2343	2025	1587	2207	1886
ko00623	15	35	38	52	46	40	74	286	103	37	82	45
ko04650	4	13	126	105	31	28	183	77	74	32	68	89
ko00908	9611	9473	10228	9433	9208	9568	9358	9623	9244	9177	9236	9183
ko04657	10512	10270	10173	10386	10762	10622	10552	10668	10363	9020	10503	10356
ko04144	7	12	0	0	16	13	1	4	5	3	5	17
ko05235	4	11	126	107	31	27	183	78	69	29	69	84
ko04668	4	11	126	102	29	25	184	77	70	29	68	84
ko04140	93	140	198	249	126	173	317	259	329	302	112	286
ko00360	32695	32678	30580	32864	35017	35185	30541	34139	33412	33100	31065	33879
ko00626	6780	7116	5721	5847	6802	6098	4447	4677	5756	4377	5189	6286
ko04722	4	11	126	106	30	37	183	79	73	29	68	88
ko05143	370	330	364	342	495	501	691	550	397	328	455	508
ko04725	4	11	125	105	29	25	182	78	70	29	68	85
ko05140	116	158	119	111	97	125	152	133	254	181	68	205
ko03013	190	279	176	197	196	202	232	244	420	322	124	371
ko00100	208	186	52	32	1	5	294	127	31	340	110	41
ko05204	27	14	43	24	21	22	5	11	6	29	22	5
ko04137	65	117	159	147	150	125	98	159	85	82	93	266
ko04114	8	11	126	105	32	28	181	77	80	30	69	91
ko04120	72	124	159	147	165	136	100	163	92	91	101	283
ko00062	63	93	52	79	75	67	77	96	146	238	55	163
ko01055	5848	5699	5946	6574	5828	5586	6683	6305	6365	5327	6064	5750
ko00515	1033	1121	794	1059	987	1034	889	951	925	1100	901	1005
ko00591	90	93	129	155	172	166	108	131	114	68	342	16
ko00590	91	93	129	153	176	164	109	131	113	68	341	16
ko04145	21	53	30	29	39	33	59	16	70	87	50	88
ko04918	1272	1353	1512	1632	1359	1268	1693	1603	2115	1763	2054	1620
ko00364	15	25	25	37	34	32	40	151	73	27	31	18
ko04391	0	0	0	0	0	0	1	0	1	2	2	0
ko00365	0	0	0	0	0	0	0	0	0	0	0	0
ko03040	0	8	25	2	27	12	0	10	28	23	9	15
ko03430	182394	185488	183682	177158	179490	178198	163103	169102	171336	167157	164657	174973
ko04966	0	0	3	0	0	0	0	0	1	0	0	1
ko04721	0	0	3	0	2	0	0	0	1	3	0	1
ko04392	0	2	0	0	0	2	0	0	1	6	0	0
ko04611	31	24	25	35	74	43	14	18	33	48	12	22
ko05031	0	1	0	0	2	2	1	2	3	0	1	0
ko00984	5	6	13	13	11	25	35	205	26	22	106	91
ko00563	0	2	0	2	0	4	0	2	5	3	0	2
ko04261	2	5	3	0	2	0	0	2	5	4	0	0
ko05145	3	2	0	2	6	0	0	9	2	4	11	3
ko04723	102	88	105	116	58	70	218	165	187	198	107	130
ko04911	2	5	0	0	0	0	0	2	0	1	0	0
ko04139	1	0	0	0	1	3	3	3	6	1	1	0
ko04020	0	0	3	0	6	2	0	0	1	0	0	0
ko04064	0	0	1	0	1	0	0	0	2	0	0	0
ko04710	0	0	0	0	0	0	0	2	2	0	2	0
ko00511	68797	66490	69747	70222	71719	73458	79572	79400	70328	66234	69533	69041
ko05220	4	12	126	106	30	24	184	80	72	28	67	89
ko00622	595	653	616	743	751	718	714	831	1061	920	1335	1097
ko04712	0	0	0	0	0	0	0	0	0	0	0	0
ko00534	69	70	47	68	41	43	48	55	38	62	2	140
ko05414	0	0	3	0	1	0	1	0	0	1	2	0
ko04745	0	0	0	0	0	0	1	0	0	1	2	0
ko00980	1657	1779	1593	1204	1403	1413	1330	1294	1472	1080	1469	1334
ko05032	0	0	0	0	0	0	0	0	2	1	0	0
ko04390	0	0	0	0	0	0	1	0	5	2	2	0
ko00562	18718	17835	18015	17513	19718	19651	16461	18747	17784	17591	17482	18643
ko04730	4	11	125	105	29	25	183	78	72	29	68	85
ko04742	0	0	0	0	0	0	0	0	0	0	0	0
ko04550	4	11	125	102	28	25	183	79	71	29	68	85
ko04913	0	0	0	0	0	0	0	0	0	0	0	0
ko00254	0	0	0	0	0	3	0	1	0	0	0	0
Others	14370319	14395146	14525534	14303404	14222264	14206195	14740747	14311901	14454608	14840009	14742419	14528413
