#OTUID	CW1	CW2	CW3	CW4	CW5	CW6	CC1	CC2	CC3	CC4	CC5	CC6
ko04610	0	0	0	0	0	0	0	0	0	0	0	0
ko01056	0	0	0	0	0	0	2	0	0	0	0	0
ko03240	0	0	0	0	0	0	3	2	5	1	16	2
ko00624	12	4	8	10	15	11	29	508	327	356	12	29
ko03266	2	0	0	0	29	56	0	3	3	5	0	0
ko04215	0	0	0	1	20	9	2	8	16	7	2	7
ko00571	16	2	12	21	22	18	13	967	448	693	12	5
ko04744	4	0	0	0	49	82	0	0	0	3	0	0
ko00073	0	3	2	0	25	8	0	0	0	2	0	0
ko04670	5	0	2	1	97	111	0	13	11	7	0	5
ko04624	0	0	0	1	27	12	0	0	2	2	0	0
ko04658	1	0	2	8	113	104	0	11	11	6	0	0
ko00232	15	0	0	8	57	44	0	382	186	200	0	0
ko05416	7	0	0	0	47	41	2	15	25	8	2	12
ko05130	12879	13107	11763	11520	9518	9958	11353	12532	12690	13043	12351	12550
ko00524	11060	10269	10284	9947	8453	8355	10250	10683	10299	9567	10293	9861
ko05133	6738	5148	6431	5630	3678	3468	4851	6915	6676	4392	3400	3625
ko05012	10565	11678	11830	11712	14612	15823	11711	11680	11374	10856	11381	11602
ko00405	1130	1174	527	1315	3780	3561	547	813	771	825	572	706
ko04630	9	2	5	5	208	174	0	3	23	10	0	0
ko02025	5275	5838	5156	5187	7357	7223	4317	5847	5834	4965	3888	4602
ko00030	142153	143835	135043	140853	124960	126417	139190	144724	136124	148788	145474	145901
ko01524	5236	5462	5347	4798	5691	5634	6447	6292	5859	7148	7268	6707
ko00600	52072	51892	52434	52656	39063	38656	54833	59019	55606	52582	53343	52352
ko04341	0	0	3	0	61	51	0	4	10	3	0	0
ko04923	1	0	3	7	94	113	0	12	3	5	2	6
ko04914	10605	9961	10303	9954	8948	8619	9193	10216	10511	10631	9421	10040
ko04011	1722	1291	2505	1498	1943	2018	1468	3117	2467	2346	1199	909
ko05014	5100	4775	6148	6106	10233	10894	4295	6885	6432	5539	4135	3940
ko05412	4	0	0	3	23	10	0	7	7	1	0	5
ko04142	30086	26580	28189	27426	21331	21367	30204	34282	35177	27869	28007	25115
ko00310	18242	16631	16743	15661	13786	14028	15935	23257	22627	22234	16929	16101
ko04930	7045	7709	7887	6850	7533	7746	5910	6533	6197	7004	6474	7148
ko04626	38541	36943	35434	33719	27808	27379	33605	36592	37179	37119	34136	35075
ko00740	18576	18183	19425	18831	23869	23533	18574	20410	20060	19413	19189	17735
ko04922	36726	38330	36663	33763	33199	33863	34225	36400	35816	41372	37584	39685
ko04066	40617	40528	39249	39061	33655	34070	36388	38382	37543	40226	38456	39422
ko01054	1271	1113	1152	1138	1023	986	1302	951	1144	1333	1453	1867
ko04141	13818	12960	12765	13407	16366	16366	11240	13710	13909	13255	11460	12016
ko00604	9860	8289	9623	9429	6317	6391	9202	12168	11440	8232	7942	7065
ko04724	18010	17806	15318	16988	16517	17022	17182	18996	17926	18847	17478	17470
ko05215	10610	10006	10293	9954	8847	8485	9189	10190	10506	10600	9407	10045
ko00680	158277	154657	144275	167904	197314	201184	143544	154158	149304	160189	153314	160103
ko00625	12035	12850	11083	11956	9991	9748	11121	12814	11249	12875	11724	12860
ko00998	7582	8659	7553	6979	7911	8006	8303	7537	8537	7646	7838	7768
ko05208	5341	4713	7017	5986	5870	5759	4655	7194	6276	5896	4598	4064
ko00121	4704	4614	4944	5363	3502	3671	4807	4806	4504	4237	4593	4483
ko05214	61	57	30	15	332	344	30	47	43	99	21	29
ko00965	0	2	2	0	30	43	0	4	0	3	0	0
ko04213	16523	15714	18318	16370	13453	13365	13503	17910	16558	16554	13435	13156
ko05016	5277	4733	6060	5868	8416	8539	4134	5425	5511	4505	4068	3867
ko00642	116	143	176	141	74	66	279	608	353	521	324	163
ko00550	168755	169841	168883	157501	145082	143084	160247	153378	148667	163408	164601	163542
ko00830	3907	3642	2989	3623	2461	2389	2775	4319	3679	3708	2614	2766
ko00362	24101	24008	22189	22916	23191	23243	24569	31816	28297	31913	26093	24461
ko05230	20502	21047	21700	19403	19460	19830	17641	20464	19735	21695	18674	20333
ko05415	19128	18958	17191	17924	19057	19508	16461	18031	18518	19883	18104	18690
ko00525	14573	14075	13865	15756	15049	15489	14648	13657	13331	12652	14410	13609
ko05168	109	112	106	426	1549	1865	42	103	165	146	129	114
ko04151	15202	14001	13956	13300	13100	13030	13962	15232	15595	16269	14648	14750
ko02040	21997	27244	24499	17245	15983	15749	24407	24791	30844	27075	23471	29885
ko04214	3318	3866	4555	4067	4293	3919	4136	2950	2878	3041	4016	3864
ko01522	60	57	28	16	269	223	30	47	42	95	21	28
ko05152	38100	37646	37114	38131	28018	27857	36423	38451	37257	40391	38986	40818
ko04370	53	54	31	11	172	162	29	44	27	95	21	30
ko04130	2	0	3	7	107	138	0	1	1	12	0	0
ko00903	3114	2784	2725	3070	2081	2035	2457	5280	4536	3839	2414	2202
ko00430	26598	26361	23967	24810	20626	20355	23553	25604	24351	26016	24130	25040
ko04062	58	54	33	12	291	299	29	52	42	101	21	30
ko05206	14453	14044	14094	12899	16562	17771	16202	14361	16083	14114	14618	15702
ko00542	3632	3223	3753	2951	2708	2572	2674	2519	2836	3380	2601	3124
ko00520	216551	213423	206277	208088	192327	194273	214612	219869	210858	218064	217314	210737
ko00983	67011	67371	66299	66994	61437	60772	64340	67412	63381	64932	63717	62781
ko00997	758	874	502	533	474	422	688	808	937	939	797	838
ko04150	142	129	87	345	1682	1803	91	126	174	186	96	121
ko00290	44068	43276	47553	44602	47719	48657	48481	48720	47497	47376	49442	44034
ko05160	154	173	128	416	1532	1815	74	144	159	219	151	143
ko05202	11	0	7	13	219	266	0	8	15	13	0	0
ko00785	4501	3481	6620	3938	3056	3212	3708	4497	4445	3911	3195	3237
ko04977	3	0	2	7	93	107	0	3	2	6	0	0
ko01040	1148	1201	1223	1019	1525	1671	1869	1781	1291	1405	1916	1052
ko03450	467	517	518	727	1288	1205	659	1276	930	1122	650	826
ko05164	159	172	124	428	1432	1711	74	144	166	216	148	150
ko04713	3	0	0	1	165	218	0	12	6	11	0	0
ko04068	8287	6743	8672	6294	5350	5438	7629	9837	9062	9450	7708	6643
ko00071	35895	33874	31671	31630	27929	27017	29838	39068	35408	37381	29863	31302
ko00311	1934	2132	2187	2087	1707	1807	1932	2190	2101	2417	2058	1732
ko04659	10547	9946	10280	9957	8726	8393	9143	10145	10489	10530	9381	9969
ko03260	0	0	0	0	0	0	0	0	0	0	0	0
ko00780	27343	25358	28175	24981	22879	22929	25929	29636	28978	26664	25507	26082
ko00350	23118	23367	22184	23085	22116	22704	22434	25904	23212	25914	23025	22746
ko00960	15107	15376	14935	15635	15817	16389	14818	15767	15613	15729	14823	14374
ko05120	18570	18768	18609	18240	16604	15971	17547	17364	15880	18588	18774	18621
ko04915	10616	10009	10281	9961	8929	8611	9188	10195	10518	10648	9411	10020
ko04212	45835	44601	45626	43710	34838	34307	42674	46013	43954	47830	45163	46113
ko05022	5364	5195	6468	6477	10540	11302	4600	7108	6700	5937	4522	4301
ko04612	10535	9938	10263	9932	8739	8409	9182	10152	10506	10467	9365	9967
ko00982	1473	1724	1395	1568	1124	1145	1334	2266	1545	2262	1491	1676
ko00340	54228	53311	55820	54277	59394	60937	56754	58427	57871	55277	55554	54512
ko00460	51001	52734	45997	50565	39812	39453	47169	55073	49931	52535	47663	49754
ko00620	232281	225637	209080	219253	190978	190460	215311	234025	225474	244950	225260	231288
ko00920	35242	37707	34357	40843	41636	41683	37286	38568	35082	37629	40185	38031
ko00650	121549	116211	114031	112245	96875	97546	112234	124921	119250	126616	115124	114738
ko00450	49853	49443	49075	51712	44382	43807	47174	53176	49900	52264	49890	50174
ko00633	10529	11399	12449	12187	12177	12583	8879	9180	8042	10953	9789	12112
ko00361	2839	3051	2727	3311	2866	2949	3071	4250	3623	4031	3117	3333
ko00999	41322	43654	38578	41052	33479	32836	38699	43768	39762	42675	39784	41271
ko02060	22791	24823	18124	19762	23718	23415	16426	19076	17075	18018	17755	20374
ko04917	4187	4744	4091	4721	4061	4217	5118	5258	4224	4712	5397	5297
ko00627	3108	3543	3306	3497	3829	4020	2811	5789	4474	5128	3169	3200
ko00440	4372	4208	4846	4082	3816	3682	4284	3810	4102	4057	4033	3622
ko04512	20	57	63	27	50	47	22	26	13	45	43	26
ko00730	70249	67472	69640	66216	65047	65341	76079	70358	71716	71039	77040	76873
ko00946	42674	46288	37135	43986	32596	32547	43079	47288	41634	44994	43272	43904
ko04024	70	56	31	34	437	488	33	356	200	377	23	30
ko04621	20782	22044	21495	20049	19784	20071	21020	21813	22708	21343	20292	22393
ko04623	15	0	3	8	179	242	10	12	13	20	3	2
ko05340	5407	4761	4829	4670	5340	5262	3867	4886	4931	4520	3601	3543
ko04940	15712	14745	15497	15083	11197	10895	14664	16553	15843	16867	15526	16217
ko04964	6324	5066	4805	4688	4138	4153	5839	7074	6647	7129	6032	5571
ko00940	2295	1676	2399	2294	2027	1858	1547	2300	1950	1528	1092	1372
ko00500	194565	197206	178416	188988	160394	158776	178162	196157	185195	194406	181999	194367
ko00052	128495	131689	126777	129109	112408	111980	129403	137159	127360	132471	132277	131283
ko00945	1964	1320	1700	1397	950	864	1142	1857	1466	1173	802	936
ko04912	56	58	30	18	333	303	29	49	38	104	20	30
ko04924	37	30	29	4	115	163	54	51	19	39	63	32
ko00363	0	0	0	2	3	0	0	66	19	31	0	0
ko04728	12	2	2	4	300	410	0	42	28	37	0	0
ko00190	95726	88481	100804	95606	82482	81160	88027	103644	95541	93577	87763	87308
ko04210	2236	1492	1811	3005	2469	2735	1508	2682	2144	2017	1299	1338
ko04973	4202	4149	4031	4382	2692	2513	3039	3033	2452	3306	3480	4222
ko05205	9026	10316	9130	10649	8704	8896	9154	9551	8214	9596	9919	11320
ko00541	78823	71481	73781	73666	80236	82802	75547	77286	77268	70847	72293	68856
ko05110	55	77	29	116	814	507	115	62	36	84	139	43
ko03010	461452	447119	447147	414656	388016	394112	408481	402206	408629	437239	403307	418998
ko00330	40138	38703	40341	40982	37038	38078	39396	43749	42982	41901	40499	40376
ko00470	56540	55152	56938	57797	52658	52356	51344	55916	53592	55190	53731	54607
ko00521	50824	48386	48124	50149	47263	47885	48506	49229	48172	46658	48417	45829
ko04010	59	58	35	18	351	343	29	51	47	108	20	29
ko03020	77412	76669	70941	69585	64066	62440	66889	69284	68462	78729	71200	74320
ko00770	57097	54945	63826	55159	60292	61249	58237	62661	60610	58222	58475	52745
ko03420	106152	103549	99728	97783	92997	91570	95961	98716	94696	106969	99523	103087
ko03440	196824	197525	196235	187692	174875	174355	184958	186640	179002	196633	187875	195006
ko00220	93385	91081	87402	90282	86227	87880	90698	98083	95278	97283	91573	91722
ko00603	20894	20612	22357	21907	16589	16693	23855	25267	23415	21646	23108	22047
ko00790	37290	35468	41594	38606	39601	39413	35301	41215	39676	35788	34421	32405
ko00791	867	878	941	954	829	800	1000	2236	1503	1614	739	671
ko04810	69	56	32	30	616	605	30	61	74	107	25	55
ko00410	10674	9332	11998	9450	8440	8266	9693	15123	13755	12420	9587	8175
ko01503	37019	33976	40420	32772	26746	27111	32867	34368	33838	30147	30798	29727
ko00240	208774	206727	201861	205117	191460	190808	199711	202158	194414	202605	203517	201886
ko04978	5578	5921	5761	5251	6735	6677	6705	6599	6128	7561	7547	6946
ko05134	31910	31138	31847	30153	25200	24690	28927	33362	31728	34034	30163	32503
ko03410	67769	68930	68727	67921	70737	69453	65268	65431	62381	69460	68262	68674
ko04910	23448	24292	23809	21388	20523	20806	23488	24581	24498	28603	25959	26978
ko00020	124367	115834	114007	114738	103488	103849	113882	125613	123416	125897	115593	115822
ko03030	140910	141900	140956	137803	136004	138005	132101	132384	126260	140232	133726	140538
ko00552	33148	33135	32951	31901	37160	35853	30257	28145	28592	29558	31503	33616
ko05111	25980	25068	23813	26479	26807	27839	27707	27236	27007	27573	27942	27898
ko04666	58	55	35	26	353	394	30	45	44	102	21	29
ko00130	13437	10002	13760	12479	9771	9942	10287	15355	13558	10021	8685	8277
ko00660	20517	19381	23503	22226	25648	26579	22919	23483	22667	23270	24003	20478
ko04620	51	56	26	7	58	44	29	41	19	85	21	30
ko04080	2684	3093	3110	3513	3519	3306	3405	2594	2321	2521	3244	3206
ko02026	47830	49365	44779	45330	42485	43241	47656	49326	49345	51783	49592	51831
ko00230	282596	279840	268821	273948	255073	255102	267569	287067	273826	287106	276914	274519
ko05131	1159	2312	1415	809	1996	2006	1645	1940	2732	2178	1535	2429
ko04217	43035	44089	40305	40815	38477	38738	41241	43956	43313	47649	43920	45516
ko00260	139129	134065	132536	138161	120569	121902	133592	148236	140220	142410	137553	133121
ko00401	20532	20672	20719	21516	21905	22750	20343	20970	20537	20740	20456	19982
ko01059	6	3	1	24	5	13	4	10	8	5	4	17
ko00970	333829	324795	316194	302430	267066	265702	294489	304717	300449	335210	306771	318923
ko04920	26484	23610	22061	21914	19987	19162	22294	25536	24742	24593	21434	22286
ko04152	10090	9846	9255	8789	9784	10342	9589	10637	10331	11067	10304	10219
ko00195	37368	35298	37053	38078	31254	30515	36293	40122	37393	38060	36793	37918
ko04935	61	55	27	14	327	306	28	55	45	101	20	29
ko04310	4	0	3	1	148	161	0	11	14	7	0	0
ko05207	10667	10022	10302	9975	9016	8722	9206	10173	10543	10602	9400	10023
ko00332	9725	10160	8389	9694	9337	9922	11574	10769	10307	11549	11862	11698
ko00630	110207	103898	105127	105663	93695	95128	108130	121748	113820	117272	111159	107708
ko05030	2	2	2	0	83	113	0	32	10	23	0	0
ko04625	1	0	5	4	151	178	0	7	10	13	0	0
ko00760	72911	69421	64951	68261	67972	68183	68647	73745	70659	70152	68463	69599
ko00261	38121	38365	37404	40551	34128	34959	37690	40957	37994	39339	39098	37891
ko00400	77146	77721	74431	79019	88924	90024	79123	79370	77236	77283	79413	77137
ko05203	7318	7942	8017	7807	11061	11458	5918	6627	6432	7076	6526	7345
ko04112	92534	91870	92159	87847	80945	79942	87761	84816	84004	88784	88776	88409
ko04138	1469	1781	1577	2244	3960	4188	1125	2022	1505	1788	1396	1493
ko05418	28475	28242	28151	27067	26462	26984	27770	28883	29296	28638	27572	28814
ko00941	1962	1315	1692	1389	950	864	1147	1864	1476	1156	797	929
ko00513	9884	8276	9618	9454	6669	6645	9200	12182	11501	8274	7978	7075
ko00270	162928	162633	159136	165305	160858	163671	163964	170500	164465	166638	168178	164537
ko00906	608	476	1334	454	416	393	1227	497	628	526	1242	713
ko00281	380	354	301	520	1155	1301	442	2396	1408	1951	590	374
ko00380	16890	15442	16068	15516	13253	13303	15721	23875	20897	20620	15607	14121
ko05417	26514	24933	25708	25537	21335	20953	23886	26785	26335	27650	25222	26420
ko00053	18060	16600	15627	17536	16526	16415	17925	19746	18687	17901	17728	15275
ko04928	121	140	75	193	818	812	47	100	53	148	62	60
ko04660	58	57	34	14	267	233	30	44	44	102	22	50
ko04216	23551	21414	20494	20408	18519	17598	19394	22609	21938	20406	17928	19584
ko02024	201785	205648	201785	203912	180397	177289	188633	209667	201167	215999	202398	197201
ko05132	33634	34943	33013	31204	28938	29657	32006	33922	34943	34107	32335	34478
ko00280	31592	26704	30604	28509	27966	28080	27907	43030	38808	37859	28270	26554
ko05323	4	0	5	13	171	172	0	1	2	20	0	0
ko04340	2	0	3	1	61	51	3	14	21	3	2	0
ko01502	52491	51633	56934	53322	47807	46797	49510	48745	46481	50902	51387	51148
ko00010	271741	264394	247807	252980	221600	220562	250341	266331	259828	280004	263125	268707
ko04972	4170	4073	3939	4326	2653	2502	2907	2885	2368	3118	3300	4137
ko05170	70	57	41	24	561	638	43	80	69	130	27	58
ko05034	73	61	38	19	510	528	30	82	67	126	21	29
ko00561	52890	55898	53714	54971	50035	49127	56186	55735	51296	54392	58383	58954
ko00901	0	2	1	0	30	43	0	4	0	0	0	0
ko00750	24027	23799	23419	23576	20655	21544	24929	27271	26430	25629	25225	24123
ko00640	84284	80361	79580	77332	71738	71876	77450	88578	84921	90717	80830	85625
ko00950	9988	9813	9472	10508	9577	9861	9040	9929	9538	9595	9071	8718
ko03060	107229	104948	103439	98105	93345	90889	97778	100851	100790	103471	97602	96472
ko00480	16172	15609	15036	15450	17495	17378	13833	19007	18104	16763	13669	14673
ko03320	33307	30129	28447	28750	26418	25410	28839	33502	31186	32254	28420	28653
ko05100	162	120	87	270	1251	1046	569	113	136	251	558	135
ko04970	4198	4085	3904	4347	2661	2540	2909	2884	2360	3132	3312	4169
ko01057	5	11	2	12	0	2	16	26	18	19	18	6
ko05200	12080	11654	11425	11577	12023	11575	10261	12226	12466	12594	10704	11409
ko04122	32050	33705	31795	34529	35235	35929	34363	34278	32958	35427	36715	36901
ko01051	20128	20503	18361	19559	16235	16208	20663	19570	18390	20536	21349	20440
ko00040	86154	83861	78458	83996	77730	79570	93691	89514	87941	90665	95405	87953
ko05033	0	0	0	0	12	7	0	0	0	0	0	0
ko03250	143	237	165	187	418	396	89	571	462	424	86	160
ko05322	25	40	105	46	129	110	15	39	100	46	35	8
ko05166	2850	3247	3245	3881	5481	5275	3480	2728	2429	2724	3368	3321
ko04022	60	57	28	13	303	313	29	52	51	109	21	28
ko04070	6554	6953	7412	6363	6482	6446	6105	6347	6544	6718	6633	6417
ko00944	727	767	780	557	963	1056	910	845	930	895	924	994
ko00900	65689	65731	68367	65311	64389	65274	62590	67111	64339	63768	62683	60592
ko00910	43887	44038	38128	42392	42369	42597	40092	47033	45108	47004	41601	42466
ko00531	21319	20424	23169	23081	13810	13612	19966	25217	22414	19552	20155	20772
ko01501	70011	70545	68504	69232	50909	50175	64017	72420	67675	69875	67498	66422
ko00564	65348	66987	66123	68453	65408	66018	64620	65719	62123	63255	65504	65626
ko05226	66	61	67	25	537	461	35	64	79	103	23	36
ko03018	123982	119241	117811	114065	95917	95584	108921	118674	113322	124805	113616	117845
ko03008	7399	7836	6865	10021	17855	18461	7115	7073	7136	7510	7567	7735
ko04540	57	57	27	13	285	300	30	51	37	101	20	29
ko00572	3731	3286	3987	3231	3128	2955	2811	3200	3258	4086	2722	3235
ko00720	212543	203440	196215	204133	167433	165405	189367	211706	201496	215488	199906	209087
ko05218	52	55	28	9	84	89	30	41	20	82	20	28
ko05165	7194	7810	7945	7172	9402	9555	5871	6543	6253	7089	6459	7224
ko00051	111350	107298	105451	105063	93308	93592	106272	113934	110844	111959	108300	106884
ko04146	31945	29704	29662	28960	27751	26828	26737	32555	31078	30305	25796	26945
ko00061	57511	52323	57438	49130	43554	42327	50674	59161	59735	53608	47577	50029
ko01523	28244	28176	28835	27363	23662	23776	27127	29616	27701	27720	27493	26718
ko00532	0	0	0	0	0	0	11	0	0	0	8	0
ko04727	19998	19170	18071	18722	17454	17960	18648	20788	19794	20177	18636	18452
ko02020	167656	168728	174125	164085	141381	140263	166030	176813	177778	176323	166954	176864
ko04330	6	0	3	5	111	132	0	4	10	2	0	0
ko02030	10090	14138	12131	9049	7536	7593	11367	12539	15368	13857	11663	16186
ko04740	3	0	0	0	57	90	0	8	9	3	3	0
ko04979	2676	3117	3094	3513	3640	3406	3392	2585	2317	2518	3240	3215
ko04931	26080	26365	24242	23572	23978	24250	25376	25605	25706	30638	28058	29088
ko04714	22167	19947	18813	19624	19108	18094	17795	21355	20471	19691	16490	17951
ko00540	23815	18118	30727	18906	13953	13855	20121	24575	24157	16891	16772	13515
ko05146	4719	5078	4131	4206	3447	3407	4384	3431	2937	4713	4836	5439
ko04136	14	0	1	22	467	460	0	16	33	24	0	0
ko00523	24122	22254	22904	24890	24780	25418	22575	21842	21850	19290	21334	19796
ko04072	851	678	681	632	1008	948	510	503	522	666	450	784
ko03264	0	0	0	0	0	0	0	0	0	0	0	0
ko04962	9	0	1	8	214	259	0	12	11	28	0	0
ko04110	116	51	112	314	1834	1810	42	111	152	125	55	62
ko00514	754	941	967	1103	684	745	1060	1225	806	1360	1287	1016
ko00710	124946	124016	118855	118844	98516	97490	117315	121489	118239	126608	121699	121363
ko04976	75	99	86	284	1184	1129	47	84	103	99	56	95
ko00250	156470	151560	141529	148151	140146	142447	143450	161131	155367	158162	145468	147778
ko05010	13186	13353	12091	12295	12222	13038	11534	12999	13193	13541	12606	12885
ko05222	2	0	32	1	35	54	3	9	17	11	4	9
ko04115	5	0	21	21	270	262	2	31	33	24	2	7
ko03022	1688	2085	1742	2567	4873	4966	1902	2090	1950	2010	2163	2135
ko00643	2578	3471	2156	1955	2783	2640	2169	3631	3243	3843	2646	2306
ko00966	10258	9129	10101	9566	9682	9979	10176	10355	10491	9679	10128	9339
ko05231	924	734	1306	817	1391	1316	660	568	651	701	661	911
ko00543	21889	23818	22098	23126	21823	21665	24637	22260	22391	24461	25235	26861
ko04974	6122	4028	4021	4304	2866	2485	3896	5456	5529	3921	2947	2761
ko04975	2771	2911	2443	2428	2848	2926	2211	3379	3031	3748	2451	2478
ko04936	3507	3316	3116	2925	2427	2331	2748	4926	4356	3950	2673	2710
ko04662	56	56	30	13	197	163	30	46	35	96	20	30
ko00981	2831	2430	2559	2520	1610	1511	2256	3694	3530	2618	2160	1966
ko00253	0	0	0	0	0	0	2	0	0	2	5	0
ko04927	0	0	0	0	9	8	0	1	0	0	0	0
ko05171	1858	2203	1648	5968	20005	20583	981	1624	1733	1579	1706	2008
ko00300	100292	100502	99322	104980	93965	95043	98187	104273	99073	101388	101270	99685
ko04111	48	0	22	65	1645	1624	0	69	151	103	0	0
ko04371	121	126	58	307	1145	1335	92	102	117	146	94	123
ko05150	2257	1947	2315	2548	4738	4770	1950	1657	1483	1766	2091	2583
ko03050	269	273	208	961	3261	3408	150	875	539	705	249	244
ko05020	1219	1333	1603	2119	4093	4602	1413	1834	1826	1816	1611	1603
ko00510	2326	1893	1935	2226	2317	2274	1645	2629	2309	1580	1335	1233
ko00120	3927	3706	3855	4038	3084	3243	3922	3963	3662	3181	3534	3369
ko05142	157	38	29	15	202	222	97	533	402	347	96	41
ko05017	909	739	539	2034	5398	5763	711	963	1129	1060	731	774
ko00621	933	993	793	821	1642	1392	777	1468	1475	1386	880	1156
ko04260	53	31	70	169	471	393	42	129	213	142	68	31
ko05225	211	307	91	271	1202	1074	118	297	307	227	130	168
ko05135	137	110	47	106	1035	824	65	78	85	249	100	62
ko04750	4	0	0	3	114	143	0	3	11	6	0	0
ko00909	158	65	90	96	113	78	203	57	160	72	228	140
ko00140	1390	1071	1414	1292	753	791	820	1524	1335	1019	604	552
ko01053	526	215	162	405	169	167	260	843	664	639	229	249
ko02010	340741	364105	344649	380100	322853	319975	355978	382229	355672	402187	396488	380633
ko04921	196	158	117	466	1416	1527	92	164	160	202	147	163
ko00860	42322	43781	43588	47571	68528	66932	35825	42737	39130	41487	40172	38558
ko04211	3769	2821	5067	3269	2276	2174	2913	4852	4057	3756	2583	2001
ko04919	5445	5832	5565	5089	4772	5106	4803	5581	5181	5414	5038	5378
ko04530	98	48	68	286	1063	1059	41	89	91	72	54	65
ko00930	623	593	401	1241	1746	2004	351	2279	1512	1748	532	491
ko00592	161	259	313	253	381	427	337	1041	552	869	365	206
ko03015	281	226	169	803	2428	2543	309	178	276	288	507	248
ko04925	1	0	0	2	150	184	0	4	16	14	0	0
ko03460	116	106	114	458	1621	1712	84	132	144	110	123	121
ko04614	406	212	156	218	189	211	263	633	523	485	270	163
ko05223	54	54	28	15	244	246	30	44	36	98	20	30
ko05167	177	383	268	216	872	946	125	183	169	291	189	277
ko05221	58	55	27	14	239	200	30	43	38	94	21	28
ko05219	75	78	25	15	83	67	42	334	172	268	26	37
ko01052	4	4	0	0	0	0	0	3	6	2	0	0
ko04016	8309	7662	9779	7642	7863	7800	8732	10879	9404	10395	9234	8449
ko05161	141	105	92	283	1000	953	72	125	111	170	76	96
ko04926	81	115	93	41	344	348	53	78	87	147	63	55
ko04916	51	57	26	9	177	215	29	50	21	94	21	29
ko00565	557	719	452	352	1093	988	326	473	347	369	380	444
ko00333	14463	13595	15306	12984	11595	11516	13366	16038	14903	14991	13334	13576
ko05169	12	0	9	15	525	562	2	32	42	45	2	7
ko04720	56	53	28	11	188	218	30	44	29	93	21	30
ko04218	71	57	77	48	638	652	36	78	69	127	29	33
ko04013	2091	1580	2592	1832	1353	1201	1473	1825	1693	1553	1385	1120
ko04071	263	563	157	200	982	930	635	140	128	170	581	281
ko04380	49	56	28	8	78	64	29	40	22	88	21	29
ko05210	71	55	30	21	411	379	32	57	77	103	22	37
ko04726	54	56	27	8	184	235	29	76	28	107	19	30
ko04932	164	163	169	582	1788	2053	102	225	358	275	214	162
ko04664	54	55	25	14	224	189	30	44	36	97	19	30
ko04012	59	57	30	14	288	276	30	45	46	100	25	48
ko04360	2	0	8	4	203	235	0	13	15	14	4	21
ko04960	0	0	0	5	161	157	0	5	18	13	0	0
ko04015	54	53	27	10	220	239	30	54	28	97	21	35
ko04622	32	21	16	3	21	14	14	41	31	28	20	25
ko05224	63	57	30	14	258	227	30	45	41	92	20	29
ko04971	5	0	0	1	179	215	0	15	22	18	0	5
ko04014	60	58	37	27	494	516	30	53	57	120	25	49
ko00670	93374	93151	93649	93931	76476	75420	90910	95038	90007	93354	94303	93764
ko04934	1329	1451	1095	1353	1964	1888	1011	1789	1654	1899	1196	1262
ko04361	798	626	649	606	694	713	489	451	468	566	445	784
ko04320	55	56	27	13	178	143	30	41	33	94	21	30
ko05213	57	58	29	15	251	207	30	41	44	93	21	30
ko01521	125	131	58	309	1046	1151	92	96	121	138	97	124
ko04270	54	55	26	8	188	215	29	43	31	91	20	30
ko04350	1	0	33	3	110	134	1	10	8	8	1	2
ko04933	20	57	72	32	191	208	22	28	54	53	42	25
ko05163	65	57	40	22	491	472	32	70	74	115	22	36
ko04510	86	110	94	43	352	353	52	76	70	148	66	82
ko05217	4	0	2	1	19	28	3	12	17	0	2	0
ko04961	0	0	8	4	237	216	0	4	30	18	0	0
ko04520	7	0	6	2	133	111	0	13	13	5	0	5
ko05212	58	56	31	25	284	284	30	46	36	96	20	29
ko05162	101	111	92	414	1338	1663	44	98	138	131	128	110
ko04613	69	58	37	17	378	363	30	52	50	105	20	35
ko04929	50	57	25	9	88	92	29	40	18	84	21	29
ko03070	101352	98715	101091	91854	83630	81744	95364	94520	95589	97370	94975	96703
ko05410	39	30	26	7	34	42	55	46	25	29	58	38
ko05216	55	57	30	11	142	149	30	46	26	93	21	29
ko05211	1340	1462	1071	1361	2022	1903	1014	1786	1666	1898	1198	1282
ko04113	2285	2039	2121	2106	3106	3324	1547	2419	2010	1754	1307	1218
ko00623	102	54	43	100	157	144	46	1244	771	964	79	32
ko04650	57	54	33	12	246	239	30	45	41	102	21	29
ko00908	9690	9484	8938	9418	7893	7820	8512	9127	8556	8646	8423	8283
ko04657	10565	9953	10264	9932	8703	8373	9176	10144	10496	10509	9392	9994
ko04144	24	12	26	78	1238	1144	2	70	110	99	0	0
ko05235	59	54	28	13	194	188	29	46	33	88	21	28
ko04668	48	57	26	12	74	50	30	39	19	87	21	30
ko04140	167	172	134	460	2034	2318	71	163	190	242	146	138
ko00360	34044	35091	29906	32439	35294	35911	32855	39548	37490	40170	33583	34450
ko00626	5812	6477	5315	5503	4182	4125	5539	5426	4240	6498	6201	6965
ko04722	56	57	30	14	264	241	30	43	36	95	21	30
ko05143	467	385	319	377	995	797	298	686	566	650	374	552
ko04725	53	57	26	9	161	209	30	49	21	89	21	30
ko05140	84	82	89	369	1101	1207	49	77	97	75	102	83
ko03013	173	172	158	701	3162	3294	87	181	259	196	157	145
ko00100	89	30	43	103	259	186	141	30	134	39	180	60
ko05204	27	17	1	9	87	119	11	2	1	13	6	6
ko04137	120	327	238	211	787	811	90	141	137	204	164	238
ko04114	69	55	37	24	599	649	29	62	78	113	21	30
ko04120	154	330	260	242	1313	1467	106	161	192	258	173	245
ko00062	162	101	1017	282	1011	1146	117	65	131	158	216	82
ko01055	6602	5677	6276	6770	5902	5874	5192	5836	5828	5704	5331	5443
ko00515	759	944	964	1095	551	634	1062	1215	795	1344	1288	1013
ko00591	33	115	159	101	203	220	55	138	62	92	42	43
ko00590	34	114	161	106	251	270	55	138	63	92	43	45
ko04145	33	25	13	133	1107	799	23	57	27	89	20	28
ko04918	2299	2204	2031	2673	4947	5004	1441	1957	2349	1466	1305	1688
ko00364	44	38	23	41	68	58	14	279	231	317	41	12
ko04391	5	0	0	1	108	133	0	10	8	3	0	5
ko00365	0	0	0	0	0	0	0	0	0	0	0	0
ko03040	43	4	34	48	1413	1536	26	78	146	82	19	8
ko03430	175284	173731	172310	164775	156543	156948	165115	163513	156242	171621	166637	172935
ko04966	4	0	1	9	131	130	0	1	0	14	0	0
ko04721	9	0	13	17	365	391	0	5	11	31	0	0
ko04392	1	0	4	3	114	157	0	2	8	10	0	0
ko04611	28	57	67	32	208	222	23	45	65	55	42	30
ko05031	7	2	6	3	172	227	0	31	23	24	0	0
ko00984	26	5	36	56	20	8	16	1960	970	1469	51	40
ko00563	5	0	4	11	278	294	0	19	22	14	0	0
ko04261	3	0	0	8	362	401	0	22	40	28	0	0
ko05145	3	0	0	5	157	158	2	23	24	18	2	7
ko04723	84	38	96	170	640	691	52	141	175	153	34	103
ko04911	0	0	0	1	98	100	0	3	16	11	0	0
ko04139	21	0	7	32	489	547	1	16	53	35	1	0
ko04020	7	0	4	4	204	243	0	6	13	16	0	0
ko04064	6	0	2	2	94	113	0	8	6	2	0	0
ko04710	0	0	1	0	69	65	0	4	13	2	0	0
ko00511	67155	63554	60473	62197	46821	46942	71915	75435	72684	67921	68826	64525
ko05220	61	57	31	14	217	197	30	44	40	94	21	29
ko00622	1008	1019	819	865	1699	1465	816	2389	2033	1991	930	1179
ko04712	3	0	0	0	37	46	0	3	5	0	0	0
ko00534	10	23	114	55	34	49	65	22	16	28	31	111
ko05414	4	0	0	3	31	17	0	9	7	1	0	5
ko04745	3	0	0	0	58	85	0	6	4	4	0	4
ko00980	1500	1740	1417	1608	1158	1196	1341	2282	1560	2267	1511	1783
ko05032	5	0	0	0	101	138	0	9	4	5	0	0
ko04390	9	0	0	3	144	179	0	11	15	3	0	5
ko00562	17717	17466	17231	17014	16524	16739	21486	20274	18915	20107	21443	18222
ko04730	54	55	26	8	155	200	30	52	23	88	21	28
ko04742	0	0	0	0	9	8	0	2	0	0	0	0
ko04550	51	54	26	11	96	98	30	41	23	92	21	30
ko04913	0	0	0	0	9	8	0	2	0	0	0	0
ko00254	1	0	0	5	70	43	0	2	12	0	0	0
Others	14038600	14191567	14366549	14361711	15042086	15029940	14591487	13903481	14287141	13857486	14346855	14281221
