Class	PW	PW	PW	PW	PW	PW	PW	PW	PW	PW	PW	PW	PC	PC	PC	PC	PC	PC	PC	PC	PC	PC	PC	PC
k__Archaea	0.383147452366455	0.697869484985741	0.608529387313991	2.80290594111278	1.91868889592112	0.175642141222727	0.288633344023457	0.3168735146554	1.20427726061529	0.843351624568899	1.32591813896707	1.80617147080562	0.276634884080154	0.191329506743198	0.313948474722432	0.198011215817772	0.219167164773859	0.0805058121269243	1.1095585055062	0.867008819572475	1.45409688995215	0.793496165358933	0.098225979283248	5.42872080864413
k__Bacteria	46.8776452767424	42.8703237711793	40.0232770803891	45.0123991477769	41.5316200596259	44.4116793966934	46.907499885463	44.0910291187556	34.8986630676772	41.7947751295047	40.5642782054325	39.8373983739837	44.5817477146027	35.7996173409865	36.5877977794546	35.6680349193502	38.87975692369	37.0228557964185	46.0391922014838	36.0630823658379	41.4361543062201	45.016737809738	39.9511846648411	34.962820959684
k__Archaea|p__Euryarchaeota	0.383147452366455	0.697869484985741	0.608529387313991	2.80290594111278	1.91868889592112	0.175642141222727	0.288633344023457	0.3168735146554	1.20427726061529	0.843351624568899	1.32591813896707	1.80617147080562	0.276634884080154	0.191329506743198	0.313948474722432	0.198011215817772	0.219167164773859	0.0805058121269243	1.1095585055062	0.867008819572475	1.45409688995215	0.793496165358933	0.098225979283248	5.42872080864413
k__Bacteria|p__Bacteroidetes	16.3906915960022	26.3898674719007	16.4120043228864	19.8927735671126	18.4873669659066	17.5948306423024	16.6032895038255	15.4115754855126	14.0452872847239	24.7643781678046	20.8399742276781	16.6320214338507	28.8627076516928	21.8873955854216	22.2297078797025	18.2878533849801	21.9341502291293	18.5183003455859	17.3670026948797	14.031591011012	19.9200059808612	18.1122584530367	16.3977854506489	12.542116881608
k__Bacteria|p__Firmicutes	24.5570785749291	16.3194094950512	18.5867486906642	18.9445007160071	22.3180826435269	23.3539591994586	26.8818435882164	26.6173752310536	20.7610940005306	16.4397715689971	19.0359116958866	22.879711751663	13.9707637650429	13.7080591721499	13.8447235097553	17.0188471989362	14.1711496314007	18.0175934652843	15.5837242572446	20.738452339429	20.8956339712919	20.0092102233479	23.2140731039409	19.8385035436273
k__Bacteria|p__Unassigned	0.24355109375232	0.161046804227479	0.473854850777288	0.609479235793371	0.577938408754018	0.272325888684779	0.556650020616667	0.621744244664762	0.0922817824226275	0.471941803152795	0.194987961612805	0.196322985957132	0.273826408099645	0.121330906715199	0.222324027163954	0.303520841764468	0.448296473401076	0.418237511781338	0.40589546528263	0.306442772435099	0.370065789473684	0.235569174090933	0.270865579235623	0.275938189845475
k__Bacteria|p__Verrucomicrobia	5.68632401205875	0	4.55066921606119	5.56564562886382	0.14823204143835	3.1905636662477	2.86571677280432	1.44033415752455	0	0.118683589550259	0.49340432025501	0.129342202512934	1.47444988976732	0.0828316766997993	0.291042362832812	0.0578134936694224	2.32616058975892	0.0687244737668866	12.6825697840769	0.986596242961782	0.250448564593301	6.65969995926247	0.0684605310155971	2.30626234460323
k__Archaea|p__Euryarchaeota|c__Methanobacteria	0.383147452366455	0.697869484985741	0.608529387313991	2.80290594111278	1.91868889592112	0.175642141222727	0.288633344023457	0.3168735146554	1.20427726061529	0.843351624568899	1.32591813896707	1.80617147080562	0.276634884080154	0.191329506743198	0.313948474722432	0.198011215817772	0.219167164773859	0.0805058121269243	1.1095585055062	0.867008819572475	1.45409688995215	0.793496165358933	0.098225979283248	5.42872080864413
k__Bacteria|p__Bacteroidetes|c__Bacteroidia	16.3906915960022	26.3898674719007	16.4120043228864	19.8927735671126	18.4873669659066	17.5948306423024	16.6032895038255	15.4115754855126	14.0452872847239	24.7643781678046	20.8399742276781	16.6320214338507	28.8627076516928	21.8873955854216	22.2297078797025	18.2878533849801	21.9341502291293	18.5183003455859	17.3670026948797	14.031591011012	19.9200059808612	18.1122584530367	16.3977854506489	12.542116881608
k__Bacteria|p__Firmicutes|c__Clostridia	24.3491691046527	15.9302130515014	18.3573031839721	18.4817156229262	22.051598074649	23.0622965612814	26.7925046960187	26.5069496123101	20.4738669527402	16.2847847638197	18.9155278239343	22.7803954175905	13.6632356451771	12.9404078585095	13.4916999029859	15.6081979534023	12.5398485754134	17.2262802387685	15.3591509465349	20.4345009716478	20.7199461722488	19.8728280699269	22.7854506488868	19.196584175671
k__Bacteria|p__Firmicutes|c__Negativicutes	0.207909470276371	0.38919644354974	0.229445506692161	0.462785093080926	0.266484568877933	0.291662638177189	0.0893388921977367	0.110425618743548	0.287227047790428	0.154986805177397	0.120383871952253	0.0993163340724316	0.307528119865755	0.767651313640394	0.35302360676943	1.41064924553391	1.63130105598725	0.791313226515866	0.224573310709652	0.303951367781155	0.175687799043062	0.136382153421067	0.428622455054173	0.641919367956315
k__Bacteria|p__Unassigned|c__Unassigned	0.24355109375232	0.161046804227479	0.473854850777288	0.609479235793371	0.577938408754018	0.272325888684779	0.556650020616667	0.621744244664762	0.0922817824226275	0.471941803152795	0.194987961612805	0.196322985957132	0.273826408099645	0.121330906715199	0.222324027163954	0.303520841764468	0.448296473401076	0.418237511781338	0.40589546528263	0.306442772435099	0.370065789473684	0.235569174090933	0.270865579235623	0.275938189845475
k__Bacteria|p__Verrucomicrobia|c__Verrucomicrobiae	5.68632401205875	0	4.55066921606119	5.56564562886382	0.14823204143835	3.1905636662477	2.86571677280432	1.44033415752455	0	0.118683589550259	0.49340432025501	0.129342202512934	1.47444988976732	0.0828316766997993	0.291042362832812	0.0578134936694224	2.32616058975892	0.0687244737668866	12.6825697840769	0.986596242961782	0.250448564593301	6.65969995926247	0.0684605310155971	2.30626234460323
k__Archaea|p__Euryarchaeota|c__Methanobacteria|o__Methanobacteriales	0.383147452366455	0.697869484985741	0.608529387313991	2.80290594111278	1.91868889592112	0.175642141222727	0.288633344023457	0.3168735146554	1.20427726061529	0.843351624568899	1.32591813896707	1.80617147080562	0.276634884080154	0.191329506743198	0.313948474722432	0.198011215817772	0.219167164773859	0.0805058121269243	1.1095585055062	0.867008819572475	1.45409688995215	0.793496165358933	0.098225979283248	5.42872080864413
k__Bacteria|p__Bacteroidetes|c__Bacteroidia|o__Bacteroidales	16.3906915960022	26.3898674719007	16.4120043228864	19.8927735671126	18.4873669659066	17.5948306423024	16.6032895038255	15.4115754855126	14.0452872847239	24.7643781678046	20.8399742276781	16.6320214338507	28.8627076516928	21.8873955854216	22.2297078797025	18.2878533849801	21.9341502291293	18.5183003455859	17.3670026948797	14.031591011012	19.9200059808612	18.1122584530367	16.3977854506489	12.542116881608
k__Bacteria|p__Firmicutes|c__Clostridia|o__Clostridiales	24.3491691046527	15.9302130515014	18.3573031839721	18.4817156229262	22.051598074649	23.0622965612814	26.7925046960187	26.5069496123101	20.4738669527402	16.2847847638197	18.9155278239343	22.7803954175905	13.6632356451771	12.9404078585095	13.4916999029859	15.6081979534023	12.5398485754134	17.2262802387685	15.3591509465349	20.4345009716478	20.7199461722488	19.8728280699269	22.7854506488868	19.196584175671
k__Bacteria|p__Firmicutes|c__Negativicutes|o__Selenomonadales	0.207909470276371	0.38919644354974	0.229445506692161	0.462785093080926	0.266484568877933	0.291662638177189	0.0893388921977367	0.110425618743548	0.287227047790428	0.154986805177397	0.120383871952253	0.0993163340724316	0.307528119865755	0.767651313640394	0.35302360676943	1.41064924553391	1.63130105598725	0.791313226515866	0.224573310709652	0.303951367781155	0.175687799043062	0.136382153421067	0.428622455054173	0.641919367956315
k__Bacteria|p__Unassigned|c__Unassigned|o__Unassigned	0.24355109375232	0.161046804227479	0.473854850777288	0.609479235793371	0.577938408754018	0.272325888684779	0.556650020616667	0.621744244664762	0.0922817824226275	0.471941803152795	0.194987961612805	0.196322985957132	0.273826408099645	0.121330906715199	0.222324027163954	0.303520841764468	0.448296473401076	0.418237511781338	0.40589546528263	0.306442772435099	0.370065789473684	0.235569174090933	0.270865579235623	0.275938189845475
k__Bacteria|p__Verrucomicrobia|c__Verrucomicrobiae|o__Verrucomicrobiales	5.68632401205875	0	4.55066921606119	5.56564562886382	0.14823204143835	3.1905636662477	2.86571677280432	1.44033415752455	0	0.118683589550259	0.49340432025501	0.129342202512934	1.47444988976732	0.0828316766997993	0.291042362832812	0.0578134936694224	2.32616058975892	0.0687244737668866	12.6825697840769	0.986596242961782	0.250448564593301	6.65969995926247	0.0684605310155971	2.30626234460323
k__Archaea|p__Euryarchaeota|c__Methanobacteria|o__Methanobacteriales|f__Methanobacteriaceae	0.383147452366455	0.697869484985741	0.608529387313991	2.80290594111278	1.91868889592112	0.175642141222727	0.288633344023457	0.3168735146554	1.20427726061529	0.843351624568899	1.32591813896707	1.80617147080562	0.276634884080154	0.191329506743198	0.313948474722432	0.198011215817772	0.219167164773859	0.0805058121269243	1.1095585055062	0.867008819572475	1.45409688995215	0.793496165358933	0.098225979283248	5.42872080864413
k__Bacteria|p__Bacteroidetes|c__Bacteroidia|o__Bacteroidales|f__Bacteroidaceae	2.68945750478934	3.28132863613488	1.62440768143653	1.40931158534456	2.05359670891557	2.59434722356505	1.99752599990837	2.23971961495067	2.91956489139588	5.13830128876416	6.383736308454	4.40918329637842	5.88656565514723	3.67842643147137	2.18685997628544	1.84280511071284	2.29876469416218	2.55458686773484	3.52995974315467	1.50480841098211	2.62036483253589	0.903310366814857	0.910822716990118	1.73986290228883
k__Bacteria|p__Bacteroidetes|c__Bacteroidia|o__Bacteroidales|f__Bacteroidales_BS11_gut_group	0.00594027057932489	0.0956215400100654	0.0581927009726494	0.0716007125144075	0.0233173997768192	0.00644558316413678	0.00687222247674898	0	0.00346056684084853	0.00139627752412069	0.0949506595679745	0.0415742793791574	1.07283782455451	0.249661673433198	0.361108116848119	0	0.278940027894003	0	1.25262002195828	0.154467088544521	0.0485944976076555	0.108043004658248	0	0
k__Bacteria|p__Bacteroidetes|c__Bacteroidia|o__Bacteroidales|f__Bacteroidales_Incertae_Sedis	0.585116652063501	0	0	0.0331808179944815	0.00166552855548708	0.691288794353669	0.343611123837449	0.391290779460835	0.00692113368169706	0.0893617615437244	0.310285191088202	0.163987435328899	0	0	0.249272394092918	0	0	0.0431982406534716	0	0	0.115879186602871	0	0	0.0116184500987568
k__Bacteria|p__Bacteroidetes|c__Bacteroidia|o__Bacteroidales|f__Bacteroidales_S24-7_group	2.36719782586097	1.75977185036068	0.498794579765567	1.13687960602145	1.34741260138905	2.26723387798511	2.23347230494342	1.41872914516168	0.735947214820454	1.97154386405842	0.659567974498966	0.602827050997783	0.0884669933860391	1.88996220075598	1.26522582731486	3.65236746256576	1.54164176130703	0.477144203581527	0.873340652759756	0.792266679954158	1.08029306220096	0.763385819798438	6.07215144660079	0.357267340536772
k__Bacteria|p__Bacteroidetes|c__Bacteroidia|o__Bacteroidales|f__Prevotellaceae	1.61129839464188	10.9763462506291	3.17898412170588	3.94153190597604	4.35369164404324	2.0029649682555	1.83488340129198	0.893007177665218	4.42721851172555	9.72507295550064	4.58476041913934	4.65169992609017	6.52830241669358	5.65822016892995	4.63781394847472	2.36457189107938	7.21757322175732	3.56189129751806	4.52806334630868	1.52723105286761	4.63142942583732	5.30827680263554	3.77128229551137	5.60880678517486
k__Bacteria|p__Bacteroidetes|c__Bacteroidia|o__Bacteroidales|f__Rikenellaceae	9.13168094806718	10.276799194766	11.0516252390057	13.3002689392616	10.7076830832265	10.0325501949789	10.1869244513676	10.4688287682742	5.95217496625947	7.83870202041358	8.80667367492963	6.76274944567627	15.2865347619114	10.4111251108311	13.5294276166864	10.4281089206221	10.5972305240088	11.881479736098	7.18301893069834	10.0528177786636	11.4234449760766	11.0292424591296	5.64352899154661	4.82456140350877
k__Bacteria|p__Firmicutes|c__Clostridia|o__Clostridiales|f__Christensenellaceae	0.378692249431962	0.494883408824023	0.312577936653088	0.557088470538926	0.483003281091254	0.265880305520642	0.357355568790947	0.362484096310344	0.307990448835519	0.286236892444742	0.32893621350334	0.471175166297118	0.172721272801314	0.167996640067199	0.113183141101649	0.144533734173556	0.263996812113967	0.188501413760603	0.276141996872609	0.261597488664109	0.874700956937799	0.534901432898209	0.511965710203596	0.752294643894505
k__Bacteria|p__Firmicutes|c__Clostridia|o__Clostridiales|f__Lachnospiraceae	5.2274381098059	4.85321254823016	2.35597306509269	4.3257308511753	1.0709348611782	4.34271165683715	4.66623906171256	4.79871330148594	2.45815597928274	4.20279534760329	4.20495778086744	5.94050258684405	4.04841812590398	2.66228008773158	2.57626387840897	3.97756836445626	2.50049810719267	2.90999057492931	2.11930665069701	3.49294932482934	3.02781100478469	2.49561628792575	6.09596380521491	4.77808760311374
k__Bacteria|p__Firmicutes|c__Clostridia|o__Clostridiales|f__Ruminococcaceae	18.7430387454149	10.5821170944472	15.6887521822263	13.598896301212	20.4976599323795	18.4537045989236	21.7689100655152	21.3457522145138	17.7077205246219	11.7957525237716	14.3816338295636	16.3687176644494	9.44209624647185	10.1101311307107	10.8022528834753	11.4860958547725	9.77535365610679	14.1277882500785	12.9637022989653	16.6799541581544	16.8174342105263	16.8423103491029	16.1775211334683	13.6662019286627
k__Bacteria|p__Firmicutes|c__Negativicutes|o__Selenomonadales|f__Acidaminococcaceae	0.207909470276371	0.38919644354974	0.229445506692161	0.462785093080926	0.266484568877933	0.291662638177189	0.0893388921977367	0.110425618743548	0.287227047790428	0.154986805177397	0.120383871952253	0.0993163340724316	0.307528119865755	0.767651313640394	0.35302360676943	1.41064924553391	1.63130105598725	0.791313226515866	0.224573310709652	0.303951367781155	0.175687799043062	0.136382153421067	0.428622455054173	0.641919367956315
k__Bacteria|p__Unassigned|c__Unassigned|o__Unassigned|f__Unassigned	0.24355109375232	0.161046804227479	0.473854850777288	0.609479235793371	0.577938408754018	0.272325888684779	0.556650020616667	0.621744244664762	0.0922817824226275	0.471941803152795	0.194987961612805	0.196322985957132	0.273826408099645	0.121330906715199	0.222324027163954	0.303520841764468	0.448296473401076	0.418237511781338	0.40589546528263	0.306442772435099	0.370065789473684	0.235569174090933	0.270865579235623	0.275938189845475
k__Bacteria|p__Verrucomicrobia|c__Verrucomicrobiae|o__Verrucomicrobiales|f__Verrucomicrobiaceae	5.68632401205875	0	4.55066921606119	5.56564562886382	0.14823204143835	3.1905636662477	2.86571677280432	1.44033415752455	0	0.118683589550259	0.49340432025501	0.129342202512934	1.47444988976732	0.0828316766997993	0.291042362832812	0.0578134936694224	2.32616058975892	0.0687244737668866	12.6825697840769	0.986596242961782	0.250448564593301	6.65969995926247	0.0684605310155971	2.30626234460323
k__Archaea|p__Euryarchaeota|c__Methanobacteria|o__Methanobacteriales|f__Methanobacteriaceae|g__Methanobrevibacter	0.383147452366455	0.697869484985741	0.608529387313991	2.80290594111278	1.91868889592112	0.175642141222727	0.288633344023457	0.3168735146554	1.20427726061529	0.843351624568899	1.32591813896707	1.80617147080562	0.276634884080154	0.191329506743198	0.313948474722432	0.198011215817772	0.219167164773859	0.0805058121269243	1.1095585055062	0.867008819572475	1.45409688995215	0.793496165358933	0.098225979283248	5.42872080864413
k__Bacteria|p__Bacteroidetes|c__Bacteroidia|o__Bacteroidales|f__Bacteroidaceae|g__Bacteroides	2.68945750478934	3.28132863613488	1.62440768143653	1.40931158534456	2.05359670891557	2.59434722356505	1.99752599990837	2.23971961495067	2.91956489139588	5.13830128876416	6.383736308454	4.40918329637842	5.88656565514723	3.67842643147137	2.18685997628544	1.84280511071284	2.29876469416218	2.55458686773484	3.52995974315467	1.50480841098211	2.62036483253589	0.903310366814857	0.910822716990118	1.73986290228883
k__Bacteria|p__Bacteroidetes|c__Bacteroidia|o__Bacteroidales|f__Bacteroidales_BS11_gut_group|g__Unassigned	0.00594027057932489	0.0956215400100654	0.0581927009726494	0.0716007125144075	0.0233173997768192	0.00644558316413678	0.00687222247674898	0	0.00346056684084853	0.00139627752412069	0.0949506595679745	0.0415742793791574	1.07283782455451	0.249661673433198	0.361108116848119	0	0.278940027894003	0	1.25262002195828	0.154467088544521	0.0485944976076555	0.108043004658248	0	0
k__Bacteria|p__Bacteroidetes|c__Bacteroidia|o__Bacteroidales|f__Bacteroidales_Incertae_Sedis|g__Phocaeicola	0.585116652063501	0	0	0.0331808179944815	0.00166552855548708	0.691288794353669	0.343611123837449	0.391290779460835	0.00692113368169706	0.0893617615437244	0.310285191088202	0.163987435328899	0	0	0.249272394092918	0	0	0.0431982406534716	0	0	0.115879186602871	0	0	0.0116184500987568
k__Bacteria|p__Bacteroidetes|c__Bacteroidia|o__Bacteroidales|f__Bacteroidales_S24-7_group|g__Unassigned	2.36719782586097	1.75977185036068	0.498794579765567	1.13687960602145	1.34741260138905	2.26723387798511	2.23347230494342	1.41872914516168	0.735947214820454	1.97154386405842	0.659567974498966	0.602827050997783	0.0884669933860391	1.88996220075598	1.26522582731486	3.65236746256576	1.54164176130703	0.477144203581527	0.873340652759756	0.792266679954158	1.08029306220096	0.763385819798438	6.07215144660079	0.357267340536772
k__Bacteria|p__Bacteroidetes|c__Bacteroidia|o__Bacteroidales|f__Prevotellaceae|g__Prevotellaceae_UCG-004	1.61129839464188	10.9763462506291	3.17898412170588	3.94153190597604	4.35369164404324	2.0029649682555	1.83488340129198	0.893007177665218	4.42721851172555	9.72507295550064	4.58476041913934	4.65169992609017	6.52830241669358	5.65822016892995	4.63781394847472	2.36457189107938	7.21757322175732	3.56189129751806	4.52806334630868	1.52723105286761	4.63142942583732	5.30827680263554	3.77128229551137	5.60880678517486
k__Bacteria|p__Bacteroidetes|c__Bacteroidia|o__Bacteroidales|f__Rikenellaceae|g__Alistipes	0.657884966660231	2.20936084549572	1.2187214232272	1.24166113653033	1.38238870105428	0.755744625995037	0.600174096302744	0.753774875771179	2.91841136911559	2.29548024965442	1.83119129166808	1.43431263858093	2.18780278881665	1.93662793410798	3.78220329848011	1.27912354743597	1.91273161984459	0.575322023248508	1.73836377549323	1.37276396432309	1.96620813397129	0.921022334791619	1.28586736516252	2.66643429766469
k__Bacteria|p__Bacteroidetes|c__Bacteroidia|o__Bacteroidales|f__Rikenellaceae|g__Rikenellaceae_RC9_gut_group	8.086193326106	7.0508303975843	9.37733809959265	11.8892109950753	8.57747206075848	8.86751103806117	9.38058368076236	9.36697313776796	3.03376359714388	5.02380653178626	6.88561836617044	5.22219142645972	11.621473607347	8.20616920994913	9.3834213646653	9.06804648204891	8.46035066746364	10.2556550424128	4.96556542569119	8.53804374906572	9.20678827751196	10.1064489275403	4.19395166091201	1.92575810386894
k__Bacteria|p__Bacteroidetes|c__Bacteroidia|o__Bacteroidales|f__Rikenellaceae|g__dgA-11_gut_group	0.387602655300949	1.01660795168596	0.455565716185884	0.169396807656037	0.747822321413701	0.409294530922685	0.206166674302469	0.348080754735099	0	0.519415238972898	0.0898640170911187	0.106245380635625	1.47725836574783	0.268327966773998	0.363802953541015	0.0809388911371914	0.224148236700538	1.05050267043669	0.479089729513924	0.142010065274802	0.250448564593301	0.00177119679767619	0.16370996547208	0.232369001975137
k__Bacteria|p__Firmicutes|c__Clostridia|o__Clostridiales|f__Christensenellaceae|g__Christensenellaceae_R-7_group	0.378692249431962	0.494883408824023	0.312577936653088	0.557088470538926	0.483003281091254	0.265880305520642	0.357355568790947	0.362484096310344	0.307990448835519	0.286236892444742	0.32893621350334	0.471175166297118	0.172721272801314	0.167996640067199	0.113183141101649	0.144533734173556	0.263996812113967	0.188501413760603	0.276141996872609	0.261597488664109	0.874700956937799	0.534901432898209	0.511965710203596	0.752294643894505
k__Bacteria|p__Firmicutes|c__Clostridia|o__Clostridiales|f__Lachnospiraceae|g__Coprococcus_3	0.444035225804535	1.16591175977185	0.186216643112478	0.235758443645	0.146566512882863	0.351284282445454	0.334448160535117	0.372086324027174	0.175335386602992	0.363032156271381	0.342500593441622	0.688285291943828	0.188167890694115	0.0909981800363993	0.126657324566131	0.497196045557033	0.0772066148635186	0.0235626767200754	0.236217852746448	0.286511535203548	0.321471291866029	0.554384597672647	1.14596975830456	0.883002207505519
k__Bacteria|p__Firmicutes|c__Clostridia|o__Clostridiales|f__Lachnospiraceae|g__Lachnoclostridium_10	0.138111290969304	0.1157523905385	0.177903400116385	0.185114037232371	0.0166552855548708	0.122466080118599	0.139735190360563	0.0936217202390955	0.156879030118467	0.298803390161829	0.127166061921394	0.233277900960828	0.696502043166276	0.237995240095198	0.0956667025978226	0.294848817714054	0.425881649731022	0.221881872447377	0.0282796020893635	0.0597937116946534	0.093450956937799	0.0230255583697905	0.208358137873556	0.098756825839433
k__Bacteria|p__Firmicutes|c__Clostridia|o__Clostridiales|f__Lachnospiraceae|g__Lachnospiraceae_AC2044_group	0.0356416234759493	0.011742996141587	0	0.0174635884181482	0.0116586998884096	0.0354507074027523	0.0549777798139918	0.0576133663009818	0.0911282601423447	0.12007986707438	0.211943436535657	0.33490391722099	0.249954362265317	0.0944981100377992	0.0229061118896195	0.036133433543389	0.122036262203626	0.0431982406534716	0.041587650131417	0.0996561861577557	0.257924641148325	0.00885598398838095	0.419692820573878	0.264319739746718
k__Bacteria|p__Firmicutes|c__Clostridia|o__Clostridiales|f__Lachnospiraceae|g__Lachnospiraceae_NK4A136_group	0.0445520293449367	0.162724375104848	0.0182891345914041	0.370228074464741	0.019986342665845	0.0451190821489574	0.0503962981628259	0.0312072400796985	0.146497329595921	0.62273977575783	0.137339346875106	0.244826311899483	0.0547652816199289	0.0851649633673993	0.00673709173224103	0.0289067468347112	0.18180912532377	0.0333804586867735	0	0.0722507349643729	0.093450956937799	0	0	0
k__Bacteria|p__Firmicutes|c__Clostridia|o__Clostridiales|f__Lachnospiraceae|g__Roseburia	0.742533822415611	0.481462841805066	0.477180147975725	0.47500960497363	0.143235455771889	0.393180573012343	0.547487057314335	0.40569412103608	0.282612958669297	0.268085284631173	0.523924175116145	0.951589061345159	0.683863901253985	1.09781137710579	0.906812547159642	0.549228189859513	0.420900577804343	0.669572730128809	0.815117942575773	1.04888135931038	0.863486842105263	0.28339148762819	0.8185498273604	0.51411641686999
k__Bacteria|p__Firmicutes|c__Clostridia|o__Clostridiales|f__Lachnospiraceae|g__Tyzzerella_4	2.32413086416086	1.91914108371079	0.970986781943636	1.69396807656037	0.136573341549941	1.96590286506172	2.12580748614102	2.18930791943731	0.617134419951321	0.762367528169899	1.9210553087592	2.24732076866223	1.06160392063247	0.559988800223996	0.898728037080953	1.65057524426201	0.518031480374577	1.10155513666353	0.582227101839838	1.243210922318	0.680322966507177	1.2717193007315	2.72056197166329	2.35564075752295
k__Bacteria|p__Firmicutes|c__Clostridia|o__Clostridiales|f__Lachnospiraceae|g__Unassigned	1.4984332536347	0.996477101157524	0.525396957353063	1.34818902588104	0.596259222864376	1.42930806664733	1.41338708938471	1.6491826103656	0.988568594202397	1.7676873455368	0.941028858218319	1.24029933481153	1.11356072627189	0.495823416864996	0.518756063382559	0.920679886685552	0.754632396891811	0.816839459629281	0.41587650131417	0.682644875180627	0.717703349282297	0.354239359535238	0.782831289439219	0.662251655629139
k__Bacteria|p__Firmicutes|c__Clostridia|o__Clostridiales|f__Ruminococcaceae|g__Ruminiclostridium_1	0.0103954735138186	0.169434658614326	0.538698146146812	0.487234116866334	0.184873669659066	0.00805697895517097	0.0274888899069959	0.0288066831504909	0.0934353047029103	0.304388500258311	0.052561972260843	0.0993163340724316	0.136211085054695	0.0256661533435998	0.00269483669289641	0.0202347227842979	0.0871687587168759	0.210100534087339	0.0216255780683368	0.0523194977328218	0.0485944976076555	0.0584494943233143	0.0208358137873556	0.0406645753456489
k__Bacteria|p__Firmicutes|c__Clostridia|o__Clostridiales|f__Ruminococcaceae|g__Ruminiclostridium_5	0.295528461321413	0.66096292568361	0.693324465874137	0.490726834549963	0.466347995536384	0.285217055013052	0.171805561918725	0.240055692920758	0.725565514297909	0.571077507365364	0.549357387500424	0.655949741315595	0.329995927709828	0.514489710205796	0.301821709604398	0.380123720876453	0.283921099820681	0.25526233113415	0.409222477293143	0.695101898450346	0.575657894736842	0.465824757788838	0.568520061912132	0.238178227024515
k__Bacteria|p__Firmicutes|c__Clostridia|o__Clostridiales|f__Ruminococcaceae|g__Ruminococcaceae_UCG-002	0.415818940552742	0.154336520718	0.0798071327624907	0.0995424539834445	0.231508469212705	0.435076863579232	0.332157419709534	0.244856806779173	0.526006159808977	0.224800681383432	0.334022855980196	0.295639320029564	0.325783213739065	0.530822716878996	0.939150587474399	0.638839105047118	0.363618250647539	0.757932767829092	0.187976178594005	0.667696447256964	0.463516746411483	1.08751483377318	0.833432551494226	0.636110142906936
k__Bacteria|p__Firmicutes|c__Clostridia|o__Clostridiales|f__Ruminococcaceae|g__Ruminococcaceae_UCG-005	11.8998470380326	4.17715148465023	11.1131432371768	9.60497362998149	16.7185756399793	12.6994102291405	16.9812617400467	15.8220707204071	12.3484560104278	7.77028442173166	8.80158703245278	10.4536215816704	6.51566427478129	6.84819636940595	6.43931227767597	6.47655662831705	7.00587766487348	9.64891611687088	9.52856239811026	12.2626937067118	12.3430023923445	12.777413698436	8.15275628050959	7.83373997908679
k__Bacteria|p__Firmicutes|c__Clostridia|o__Clostridiales|f__Ruminococcaceae|g__Ruminococcaceae_UCG-009	0.285132987807595	0.444556282502936	0.251059938482002	0.309105515001222	0.381406039206542	0.272325888684779	0.164933339441976	0.264061262212833	0.311451015676368	0.379787486560829	0.791820678897216	0.782982261640798	0.0884669933860391	0.204162583414998	0.284305271100571	0.30930219113141	0.229129308627217	0.196355639333962	0.103137372325914	0.28152872589566	0.205592105263158	0.196602844542057	0.267889034408858	0.258510514697339
k__Bacteria|p__Firmicutes|c__Clostridia|o__Clostridiales|f__Ruminococcaceae|g__Ruminococcaceae_UCG-013	1.52961967417616	0.874014427109545	1.08072158949206	1.01987356361985	0.901050948518512	1.4325308582294	1.47981857332661	1.93004777108289	1.76027499971162	1.08211508119354	1.68876530231612	1.67451958610495	0.761096990717987	0.761818096971394	1.7300851568395	0.557900213909927	0.68738792588165	0.706880301602262	1.432278670526	1.50729981563606	1.92135167464115	0.795267362156609	1.50017859268961	1.84733356570234
k__Bacteria|p__Firmicutes|c__Clostridia|o__Clostridiales|f__Ruminococcaceae|g__Ruminococcaceae_UCG-014	0.175237982090084	0.0134205670189565	0.457228364785103	0.227026649435926	0.0233173997768192	0.201424473879274	0.151188894488478	0.110425618743548	0.304529881994671	0.12007986707438	0.203465699074231	0.170916481892092	0.0744246134834932	0.104997900041999	0.110488304408753	0.0390241082268602	0.0647539350468221	0	0.113118408357454	0.151975683890578	0.198116028708134	0.00354239359535238	0.0595308965353018	0.0871383757406762
k__Bacteria|p__Firmicutes|c__Clostridia|o__Clostridiales|f__Ruminococcaceae|g__Unassigned	0.103954735138186	0.38751887267237	0.216144317898412	0.206070343334148	0.228177412101731	0.156305391730317	0.0985018555000687	0.108025061814341	0.0680578145366878	0.0837766514472417	0.139034894367391	0.115484109386548	0.10391361127884	0.0804983900321994	0.0646760806295139	0.132971035439672	0.0448296473401076	0.0431982406534716	0.0748577702365506	0.0722507349643729	0.0299043062200957	0.0797038558954285	0.0803667103226575	0.0174276751481352
k__Bacteria|p__Firmicutes|c__Clostridia|o__Clostridiales|f__Ruminococcaceae|g__[Eubacterium]_coprostanoligenes_group	4.02750345278227	3.70072135547727	1.25862498960845	1.15434319443959	1.36240235838843	2.96335685971188	2.36175379117607	2.5974025974026	1.56994382346495	1.25944232675687	1.82101800671437	2.12028824833703	1.10653953632062	1.03947921041579	0.929718659049262	2.93114412903972	1.00866706515242	2.30914231856739	1.09292344545364	0.989087647615726	1.0316985645933	1.37799110859208	4.69401119180855	2.70709887301034
k__Bacteria|p__Firmicutes|c__Negativicutes|o__Selenomonadales|f__Acidaminococcaceae|g__Phascolarctobacterium	0.207909470276371	0.38919644354974	0.229445506692161	0.462785093080926	0.266484568877933	0.291662638177189	0.0893388921977367	0.110425618743548	0.287227047790428	0.154986805177397	0.120383871952253	0.0993163340724316	0.307528119865755	0.767651313640394	0.35302360676943	1.41064924553391	1.63130105598725	0.791313226515866	0.224573310709652	0.303951367781155	0.175687799043062	0.136382153421067	0.428622455054173	0.641919367956315
k__Bacteria|p__Unassigned|c__Unassigned|o__Unassigned|f__Unassigned|g__Unassigned	0.24355109375232	0.161046804227479	0.473854850777288	0.609479235793371	0.577938408754018	0.272325888684779	0.556650020616667	0.621744244664762	0.0922817824226275	0.471941803152795	0.194987961612805	0.196322985957132	0.273826408099645	0.121330906715199	0.222324027163954	0.303520841764468	0.448296473401076	0.418237511781338	0.40589546528263	0.306442772435099	0.370065789473684	0.235569174090933	0.270865579235623	0.275938189845475
k__Bacteria|p__Verrucomicrobia|c__Verrucomicrobiae|o__Verrucomicrobiales|f__Verrucomicrobiaceae|g__Akkermansia	5.68632401205875	0	4.55066921606119	5.56564562886382	0.14823204143835	3.1905636662477	2.86571677280432	1.44033415752455	0	0.118683589550259	0.49340432025501	0.129342202512934	1.47444988976732	0.0828316766997993	0.291042362832812	0.0578134936694224	2.32616058975892	0.0687244737668866	12.6825697840769	0.986596242961782	0.250448564593301	6.65969995926247	0.0684605310155971	2.30626234460323
